{
    "camera_model": "FISHEYE_OPENCV",
    "fx": 767.3861511125845,
    "fy": 767.5058656118406,
    "cx": 679.054265997005,
    "cy": 543.646891684636,
    "k1": -0.18867185058223412,
    "k2": -0.003927337093919806,
    "k3": 0.030524814153620117,
    "k4": -0.012756926010904904,
    "p1": 0,
    "p2": 0,
    "w": 1350,
    "h": 1080,
    "camera_angle_x": 1.4428692492187012,
    "camera_angle_y": 1.2262461230200543,
    "scene_scale": 0.02005920643708756,
    "dist_ftype": "png",
    "distmap": "dense",
    "rgb_mask": "rgb_mask.png",
    "scene_T": [
        [
            1.0,
            0.0,
            0.0,
            -75.67577205940871
        ],
        [
            0.0,
            1.0,
            0.0,
            -190.26930297214867
        ],
        [
            0.0,
            0.0,
            1.0,
            39.16037163730681
        ],
        [
            0.0,
            0.0,
            0.0,
            1.0
        ]
    ],
    "distmap_scale": 3.141592653589793,
    "frames": [
        {
            "file_path": "images/0_color.png",
            "distmap_path": "distmaps/0_color.png",
            "near": 0.18160830748068277,
            "far": 1.5561239405445961,
            "transform_matrix": [
                [
                    0.992917,
                    -0.103604,
                    0.0581595,
                    0.013201524222335888
                ],
                [
                    -0.105726,
                    -0.993791,
                    0.0346624,
                    0.024285621614438067
                ],
                [
                    0.0542072,
                    -0.0405659,
                    -0.997705,
                    -0.48662287565235607
                ],
                [
                    0.0,
                    0.0,
                    0.0,
                    1.0
                ]
            ]
        },
        {
            "file_path": "images/5_color.png",
            "distmap_path": "distmaps/5_color.png",
            "near": 0.19137855935803694,
            "far": 1.5236513749602278,
            "transform_matrix": [
                [
                    0.993729,
                    -0.0995887,
                    0.0508424,
                    0.016854305714529644
                ],
                [
                    -0.101243,
                    -0.994377,
                    0.0310567,
                    0.024787101775365368
                ],
                [
                    0.0474636,
                    -0.0360093,
                    -0.998224,
                    -0.4676167775532156
                ],
                [
                    0.0,
                    0.0,
                    0.0,
                    1.0
                ]
            ]
        },
        {
            "file_path": "images/10_color.png",
            "distmap_path": "distmaps/10_color.png",
            "near": 0.20910853748108454,
            "far": 1.4925019930847436,
            "transform_matrix": [
                [
                    0.994561,
                    -0.0947438,
                    0.0432581,
                    0.018990611200079405
                ],
                [
                    -0.0959543,
                    -0.995025,
                    0.0268157,
                    0.02418532558225272
                ],
                [
                    0.0405022,
                    -0.0308207,
                    -0.998704,
                    -0.451497199260372
                ],
                [
                    0.0,
                    0.0,
                    0.0,
                    1.0
                ]
            ]
        },
        {
            "file_path": "images/15_color.png",
            "distmap_path": "distmaps/15_color.png",
            "near": 0.22951448246440231,
            "far": 1.4625340892230516,
            "transform_matrix": [
                [
                    0.995315,
                    -0.0897511,
                    0.0359508,
                    0.021427804782185495
                ],
                [
                    -0.0905821,
                    -0.995642,
                    0.0221909,
                    0.02510804907835859
                ],
                [
                    0.0338024,
                    -0.0253434,
                    -0.999107,
                    -0.4398187292726996
                ],
                [
                    0.0,
                    0.0,
                    0.0,
                    1.0
                ]
            ]
        },
        {
            "file_path": "images/20_color.png",
            "distmap_path": "distmaps/20_color.png",
            "near": 0.24609293347744687,
            "far": 1.4338022598924023,
            "transform_matrix": [
                [
                    0.996002,
                    -0.0847968,
                    0.0281213,
                    0.025285190180037494
                ],
                [
                    -0.0852959,
                    -0.99621,
                    0.0170437,
                    0.026953496070570907
                ],
                [
                    0.0265694,
                    -0.0193741,
                    -0.999459,
                    -0.42790957841100075
                ],
                [
                    0.0,
                    0.0,
                    0.0,
                    1.0
                ]
            ]
        },
        {
            "file_path": "images/30_color.png",
            "distmap_path": "distmaps/30_color.png",
            "near": 0.24252176274749254,
            "far": 1.3885805065468682,
            "transform_matrix": [
                [
                    0.997095,
                    -0.0748058,
                    0.0143625,
                    0.029965003041810018
                ],
                [
                    -0.0749192,
                    -0.997161,
                    0.00753275,
                    0.0290195943335911
                ],
                [
                    0.0137582,
                    -0.00858694,
                    -0.999869,
                    -0.40899575266147087
                ],
                [
                    0.0,
                    0.0,
                    0.0,
                    1.0
                ]
            ]
        },
        {
            "file_path": "images/35_color.png",
            "distmap_path": "distmaps/35_color.png",
            "near": 0.2384719102325163,
            "far": 1.3721377047916306,
            "transform_matrix": [
                [
                    0.997442,
                    -0.0709633,
                    0.00861286,
                    0.0326108123708619
                ],
                [
                    -0.0709967,
                    -0.99747,
                    0.00362179,
                    0.030082732274756684
                ],
                [
                    0.00833407,
                    -0.004224,
                    -0.999956,
                    -0.40120074504001874
                ],
                [
                    0.0,
                    0.0,
                    0.0,
                    1.0
                ]
            ]
        },
        {
            "file_path": "images/40_color.png",
            "distmap_path": "distmaps/40_color.png",
            "near": 0.23494657136076508,
            "far": 1.36018873636868,
            "transform_matrix": [
                [
                    0.997655,
                    -0.068307,
                    0.00443312,
                    0.03500387569880636
                ],
                [
                    -0.0683101,
                    -0.997664,
                    0.000571519,
                    0.03192817926696843
                ],
                [
                    0.00438369,
                    -0.000873059,
                    -0.99999,
                    -0.39545779423708044
                ],
                [
                    0.0,
                    0.0,
                    0.0,
                    1.0
                ]
            ]
        },
        {
            "file_path": "images/45_color.png",
            "distmap_path": "distmaps/45_color.png",
            "near": 0.2327095089575406,
            "far": 1.3497945204353807,
            "transform_matrix": [
                [
                    0.997831,
                    -0.0658167,
                    0.0010286,
                    0.0363839491016779
                ],
                [
                    -0.0658146,
                    -0.99783,
                    -0.00186381,
                    0.03234942260214757
                ],
                [
                    0.00114898,
                    0.00179204,
                    -0.999998,
                    -0.39045903999295833
                ],
                [
                    0.0,
                    0.0,
                    0.0,
                    1.0
                ]
            ]
        },
        {
            "file_path": "images/55_color.png",
            "distmap_path": "distmaps/55_color.png",
            "near": 0.22994888429540566,
            "far": 1.334951096525228,
            "transform_matrix": [
                [
                    0.998033,
                    -0.062596,
                    -0.00335757,
                    0.03801676850565687
                ],
                [
                    -0.0626123,
                    -0.998026,
                    -0.00499684,
                    0.0331718500660681
                ],
                [
                    -0.00303817,
                    0.00519723,
                    -0.999982,
                    -0.3839277623770426
                ],
                [
                    0.0,
                    0.0,
                    0.0,
                    1.0
                ]
            ]
        },
        {
            "file_path": "images/60_color.png",
            "distmap_path": "distmaps/60_color.png",
            "near": 0.2298939654117051,
            "far": 1.3327274164692162,
            "transform_matrix": [
                [
                    0.998061,
                    -0.0621209,
                    -0.00388526,
                    0.03790042510832189
                ],
                [
                    -0.0621415,
                    -0.998053,
                    -0.00539947,
                    0.03327214609825344
                ],
                [
                    -0.00354225,
                    0.00563037,
                    -0.999978,
                    -0.3829909974364306
                ],
                [
                    0.0,
                    0.0,
                    0.0,
                    1.0
                ]
            ]
        },
        {
            "file_path": "images/65_color.png",
            "distmap_path": "distmaps/65_color.png",
            "near": 0.2297841276443039,
            "far": 1.3317336740333712,
            "transform_matrix": [
                [
                    0.998068,
                    -0.0619951,
                    -0.00409675,
                    0.038014762585013094
                ],
                [
                    -0.0620171,
                    -0.99806,
                    -0.00545052,
                    0.032550014666518266
                ],
                [
                    -0.00375087,
                    0.005694,
                    -0.999977,
                    -0.3823571265130187
                ],
                [
                    0.0,
                    0.0,
                    0.0,
                    1.0
                ]
            ]
        },
        {
            "file_path": "images/70_color.png",
            "distmap_path": "distmaps/70_color.png",
            "near": 0.23011364094650752,
            "far": 1.33204095955417,
            "transform_matrix": [
                [
                    0.998002,
                    -0.0630583,
                    -0.00409452,
                    0.03768980344073232
                ],
                [
                    -0.0630807,
                    -0.997993,
                    -0.00555229,
                    0.03293113958882304
                ],
                [
                    -0.00373622,
                    0.00579944,
                    -0.999976,
                    -0.3828826777216703
                ],
                [
                    0.0,
                    0.0,
                    0.0,
                    1.0
                ]
            ]
        },
        {
            "file_path": "images/80_color.png",
            "distmap_path": "distmaps/80_color.png",
            "near": 0.23073322025251405,
            "far": 1.3354912083325652,
            "transform_matrix": [
                [
                    0.997693,
                    -0.0677693,
                    -0.0040239,
                    0.037278589708772056
                ],
                [
                    -0.0677921,
                    -0.997683,
                    -0.00579152,
                    0.03339250133687597
                ],
                [
                    -0.00362207,
                    0.00605088,
                    -0.999975,
                    -0.3859316771001076
                ],
                [
                    0.0,
                    0.0,
                    0.0,
                    1.0
                ]
            ]
        },
        {
            "file_path": "images/85_color.png",
            "distmap_path": "distmaps/85_color.png",
            "near": 0.23089790954833836,
            "far": 1.3401060511620986,
            "transform_matrix": [
                [
                    0.997419,
                    -0.0716897,
                    -0.003894,
                    0.03733676140743955
                ],
                [
                    -0.0717127,
                    -0.997407,
                    -0.00609133,
                    0.034515816897353106
                ],
                [
                    -0.00344722,
                    0.00635487,
                    -0.999974,
                    -0.3896045177987384
                ],
                [
                    0.0,
                    0.0,
                    0.0,
                    1.0
                ]
            ]
        },
        {
            "file_path": "images/90_color.png",
            "distmap_path": "distmaps/90_color.png",
            "near": 0.2329516981858059,
            "far": 1.3464565259488386,
            "transform_matrix": [
                [
                    0.997113,
                    -0.0758519,
                    -0.00357276,
                    0.03564577030479309
                ],
                [
                    -0.0758738,
                    -0.997097,
                    -0.00645098,
                    0.03485682340678351
                ],
                [
                    -0.00307306,
                    0.00670341,
                    -0.999973,
                    -0.3944989641693878
                ],
                [
                    0.0,
                    0.0,
                    0.0,
                    1.0
                ]
            ]
        },
        {
            "file_path": "images/95_color.png",
            "distmap_path": "distmaps/95_color.png",
            "near": 0.2330614758155952,
            "far": 1.3522794609509814,
            "transform_matrix": [
                [
                    0.996665,
                    -0.0815409,
                    -0.00326828,
                    0.03570594792410435
                ],
                [
                    -0.0815618,
                    -0.996645,
                    -0.00687894,
                    0.03674238881186963
                ],
                [
                    -0.00269638,
                    0.00712255,
                    -0.999971,
                    -0.39920485399952854
                ],
                [
                    0.0,
                    0.0,
                    0.0,
                    1.0
                ]
            ]
        },
        {
            "file_path": "images/105_color.png",
            "distmap_path": "distmaps/105_color.png",
            "near": 0.23483311729517442,
            "far": 1.3663806680834658,
            "transform_matrix": [
                [
                    0.995536,
                    -0.0943417,
                    -0.00277755,
                    0.033880560138329505
                ],
                [
                    -0.0943605,
                    -0.995508,
                    -0.00770077,
                    0.0371235137341744
                ],
                [
                    -0.00203859,
                    0.00792855,
                    -0.999967,
                    -0.41020933465091475
                ],
                [
                    0.0,
                    0.0,
                    0.0,
                    1.0
                ]
            ]
        },
        {
            "file_path": "images/110_color.png",
            "distmap_path": "distmaps/110_color.png",
            "near": 0.23428346276798104,
            "far": 1.377249336587131,
            "transform_matrix": [
                [
                    0.99473,
                    -0.102501,
                    -0.00244565,
                    0.03337506813611494
                ],
                [
                    -0.102518,
                    -0.994697,
                    -0.00822255,
                    0.03808635564315464
                ],
                [
                    -0.00158989,
                    0.00842991,
                    -0.999963,
                    -0.41845968625848884
                ],
                [
                    0.0,
                    0.0,
                    0.0,
                    1.0
                ]
            ]
        },
        {
            "file_path": "images/115_color.png",
            "distmap_path": "distmaps/115_color.png",
            "near": 0.23436717790300854,
            "far": 1.3868488526210223,
            "transform_matrix": [
                [
                    0.993764,
                    -0.111489,
                    -0.0020404,
                    0.03196490592358762
                ],
                [
                    -0.111503,
                    -0.993725,
                    -0.00883806,
                    0.038166592468902805
                ],
                [
                    -0.00104227,
                    0.00901049,
                    -0.999959,
                    -0.4260440722123517
                ],
                [
                    0.0,
                    0.0,
                    0.0,
                    1.0
                ]
            ]
        },
        {
            "file_path": "images/120_color.png",
            "distmap_path": "distmaps/120_color.png",
            "near": 0.2314066340660338,
            "far": 1.3970169456627872,
            "transform_matrix": [
                [
                    0.992719,
                    -0.120445,
                    -0.00166914,
                    0.03273116760948443
                ],
                [
                    -0.120456,
                    -0.992674,
                    -0.00940368,
                    0.03933002644225374
                ],
                [
                    -0.000524312,
                    0.00953624,
                    -0.999955,
                    -0.43378893181771117
                ],
                [
                    0.0,
                    0.0,
                    0.0,
                    1.0
                ]
            ]
        },
        {
            "file_path": "images/130_color.png",
            "distmap_path": "distmaps/130_color.png",
            "near": 0.22576684149770024,
            "far": 1.4223008297871993,
            "transform_matrix": [
                [
                    0.989675,
                    -0.143327,
                    -0.000652283,
                    0.03257671171991886
                ],
                [
                    -0.143326,
                    -0.989616,
                    -0.010831,
                    0.03908931596500868
                ],
                [
                    0.00090681,
                    0.0108126,
                    -0.999941,
                    -0.453342646252584
                ],
                [
                    0.0,
                    0.0,
                    0.0,
                    1.0
                ]
            ]
        },
        {
            "file_path": "images/135_color.png",
            "distmap_path": "distmaps/135_color.png",
            "near": 0.22444881854181403,
            "far": 1.4353497585868018,
            "transform_matrix": [
                [
                    0.988095,
                    -0.153847,
                    -0.000166461,
                    0.03161988757286966
                ],
                [
                    -0.153838,
                    -0.988029,
                    -0.0115132,
                    0.037624993895101704
                ],
                [
                    0.00160679,
                    0.0114018,
                    -0.999934,
                    -0.46304327848555965
                ],
                [
                    0.0,
                    0.0,
                    0.0,
                    1.0
                ]
            ]
        },
        {
            "file_path": "images/140_color.png",
            "distmap_path": "distmaps/140_color.png",
            "near": 0.21813844843650262,
            "far": 1.4478923337794987,
            "transform_matrix": [
                [
                    0.98639,
                    -0.16442,
                    0.000332072,
                    0.03194284079650666
                ],
                [
                    -0.164404,
                    -0.986318,
                    -0.012181,
                    0.03704327690842624
                ],
                [
                    0.00233031,
                    0.0119606,
                    -0.999926,
                    -0.47200773784229405
                ],
                [
                    0.0,
                    0.0,
                    0.0,
                    1.0
                ]
            ]
        },
        {
            "file_path": "images/145_color.png",
            "distmap_path": "distmaps/145_color.png",
            "near": 0.2113111035124478,
            "far": 1.462901588071561,
            "transform_matrix": [
                [
                    0.984602,
                    -0.17481,
                    0.000866368,
                    0.03177233754179146
                ],
                [
                    -0.174785,
                    -0.984523,
                    -0.012872,
                    0.03539842198058461
                ],
                [
                    0.00310313,
                    0.0125223,
                    -0.999917,
                    -0.4820834772356431
                ],
                [
                    0.0,
                    0.0,
                    0.0,
                    1.0
                ]
            ]
        },
        {
            "file_path": "images/155_color.png",
            "distmap_path": "distmaps/155_color.png",
            "near": 0.2075427813942354,
            "far": 1.4870950842507074,
            "transform_matrix": [
                [
                    0.981499,
                    -0.19146,
                    0.00164434,
                    0.0323841433381227
                ],
                [
                    -0.19142,
                    -0.98141,
                    -0.0138928,
                    0.03232936339571039
                ],
                [
                    0.00427369,
                    0.0133211,
                    -0.999902,
                    -0.49686711237977665
                ],
                [
                    0.0,
                    0.0,
                    0.0,
                    1.0
                ]
            ]
        },
        {
            "file_path": "images/160_color.png",
            "distmap_path": "distmaps/160_color.png",
            "near": 0.20857010615437555,
            "far": 1.4992296612573774,
            "transform_matrix": [
                [
                    0.979997,
                    -0.199001,
                    0.00200474,
                    0.03432788044187658
                ],
                [
                    -0.198952,
                    -0.979904,
                    -0.0143943,
                    0.0319682976798428
                ],
                [
                    0.00482893,
                    0.0137075,
                    -0.999894,
                    -0.5040703734113349
                ],
                [
                    0.0,
                    0.0,
                    0.0,
                    1.0
                ]
            ]
        },
        {
            "file_path": "images/165_color.png",
            "distmap_path": "distmaps/165_color.png",
            "near": 0.2089929994528864,
            "far": 1.508758376754402,
            "transform_matrix": [
                [
                    0.978608,
                    -0.205721,
                    0.00231718,
                    0.03529874603343164
                ],
                [
                    -0.205666,
                    -0.978511,
                    -0.0147718,
                    0.03066444926143215
                ],
                [
                    0.00530627,
                    0.0139792,
                    -0.999888,
                    -0.5094803413874174
                ],
                [
                    0.0,
                    0.0,
                    0.0,
                    1.0
                ]
            ]
        },
        {
            "file_path": "images/170_color.png",
            "distmap_path": "distmaps/170_color.png",
            "near": 0.2081725565433148,
            "far": 1.5173217285447982,
            "transform_matrix": [
                [
                    0.977516,
                    -0.210848,
                    0.00252177,
                    0.035128242778716436
                ],
                [
                    -0.210787,
                    -0.977416,
                    -0.0150811,
                    0.02859835099841196
                ],
                [
                    0.00564459,
                    0.0142105,
                    -0.999883,
                    -0.5140779115027977
                ],
                [
                    0.0,
                    0.0,
                    0.0,
                    1.0
                ]
            ]
        },
        {
            "file_path": "images/180_color.png",
            "distmap_path": "distmaps/180_color.png",
            "near": 0.2102893783898787,
            "far": 1.5301828525705068,
            "transform_matrix": [
                [
                    0.9756,
                    -0.219538,
                    0.00282922,
                    0.03823541385582126
                ],
                [
                    -0.21947,
                    -0.975496,
                    -0.0155107,
                    0.02769568670874327
                ],
                [
                    0.00616505,
                    0.0145114,
                    -0.999876,
                    -0.5213172791059426
                ],
                [
                    0.0,
                    0.0,
                    0.0,
                    1.0
                ]
            ]
        },
        {
            "file_path": "images/185_color.png",
            "distmap_path": "distmaps/185_color.png",
            "near": 0.20990632837736306,
            "far": 1.534724558332034,
            "transform_matrix": [
                [
                    0.974987,
                    -0.222242,
                    0.00296373,
                    0.03843399999954846
                ],
                [
                    -0.22217,
                    -0.974882,
                    -0.0156424,
                    0.026572371148266133
                ],
                [
                    0.00636567,
                    0.0145926,
                    -0.999873,
                    -0.5237685141325549
                ],
                [
                    0.0,
                    0.0,
                    0.0,
                    1.0
                ]
            ]
        },
        {
            "file_path": "images/190_color.png",
            "distmap_path": "distmaps/190_color.png",
            "near": 0.20952347600586949,
            "far": 1.5383656686932952,
            "transform_matrix": [
                [
                    0.974432,
                    -0.224663,
                    0.00310709,
                    0.03869476968323042
                ],
                [
                    -0.224588,
                    -0.974326,
                    -0.0158079,
                    0.02607089098733883
                ],
                [
                    0.00657877,
                    0.0147059,
                    -0.99987,
                    -0.5258205709510689
                ],
                [
                    0.0,
                    0.0,
                    0.0,
                    1.0
                ]
            ]
        },
        {
            "file_path": "images/195_color.png",
            "distmap_path": "distmaps/195_color.png",
            "near": 0.20985163762298695,
            "far": 1.5402589829706752,
            "transform_matrix": [
                [
                    0.974154,
                    -0.225865,
                    0.00310175,
                    0.039168166955145724
                ],
                [
                    -0.22579,
                    -0.974047,
                    -0.0158818,
                    0.02510804907835859
                ],
                [
                    0.00660839,
                    0.014771,
                    -0.999869,
                    -0.5268536200825787
                ],
                [
                    0.0,
                    0.0,
                    0.0,
                    1.0
                ]
            ]
        },
        {
            "file_path": "images/205_color.png",
            "distmap_path": "distmaps/205_color.png",
            "near": 0.20919526054289517,
            "far": 1.541521192488928,
            "transform_matrix": [
                [
                    0.974042,
                    -0.226345,
                    0.00314884,
                    0.03885925517601458
                ],
                [
                    -0.226269,
                    -0.973935,
                    -0.0159011,
                    0.024746983362491003
                ],
                [
                    0.00666589,
                    0.0147759,
                    -0.999869,
                    -0.5274874910059909
                ],
                [
                    0.0,
                    0.0,
                    0.0,
                    1.0
                ]
            ]
        },
        {
            "file_path": "images/210_color.png",
            "distmap_path": "distmaps/210_color.png",
            "near": 0.20919526054289517,
            "far": 1.5410357272896003,
            "transform_matrix": [
                [
                    0.974034,
                    -0.22638,
                    0.0031374,
                    0.03881111308056568
                ],
                [
                    -0.226304,
                    -0.973927,
                    -0.015895,
                    0.02498769383973606
                ],
                [
                    0.00665394,
                    0.0147724,
                    -0.999869,
                    -0.5272227094810215
                ],
                [
                    0.0,
                    0.0,
                    0.0,
                    1.0
                ]
            ]
        },
        {
            "file_path": "images/215_color.png",
            "distmap_path": "distmaps/215_color.png",
            "near": 0.2089764403925633,
            "far": 1.541331917443484,
            "transform_matrix": [
                [
                    0.974037,
                    -0.226368,
                    0.003138,
                    0.03872686441352968
                ],
                [
                    -0.226292,
                    -0.97393,
                    -0.0159202,
                    0.025067930665484794
                ],
                [
                    0.00665998,
                    0.0147968,
                    -0.999868,
                    -0.5274393489105418
                ],
                [
                    0.0,
                    0.0,
                    0.0,
                    1.0
                ]
            ]
        },
        {
            "file_path": "images/220_color.png",
            "distmap_path": "distmaps/220_color.png",
            "near": 0.2088123252798144,
            "far": 1.5413265581871773,
            "transform_matrix": [
                [
                    0.974028,
                    -0.226404,
                    0.00317733,
                    0.0385443256349524
                ],
                [
                    -0.226328,
                    -0.973922,
                    -0.0158949,
                    0.024947575426862264
                ],
                [
                    0.00669313,
                    0.0147629,
                    -0.999869,
                    -0.5273470765609313
                ],
                [
                    0.0,
                    0.0,
                    0.0,
                    1.0
                ]
            ]
        },
        {
            "file_path": "images/230_color.png",
            "distmap_path": "distmaps/230_color.png",
            "near": 0.20903114543014625,
            "far": 1.5422493902879206,
            "transform_matrix": [
                [
                    0.974015,
                    -0.226462,
                    0.00318664,
                    0.039017722906867704
                ],
                [
                    -0.226385,
                    -0.973907,
                    -0.0159522,
                    0.025469114794226182
                ],
                [
                    0.00671605,
                    0.0148163,
                    -0.999868,
                    -0.5280210658972175
                ],
                [
                    0.0,
                    0.0,
                    0.0,
                    1.0
                ]
            ]
        }
    ]
}