{
    "camera_model": "FISHEYE_OPENCV",
    "fx": 767.3861511125845,
    "fy": 767.5058656118406,
    "cx": 679.054265997005,
    "cy": 543.646891684636,
    "k1": -0.18867185058223412,
    "k2": -0.003927337093919806,
    "k3": 0.030524814153620117,
    "k4": -0.012756926010904904,
    "p1": 0,
    "p2": 0,
    "w": 1350,
    "h": 1080,
    "camera_angle_x": 1.4428692492187012,
    "camera_angle_y": 1.2262461230200543,
    "scene_scale": 0.017397920992780053,
    "dist_ftype": "png",
    "distmap": "dense",
    "rgb_mask": "rgb_mask.png",
    "scene_T": [
        [
            1.0,
            0.0,
            0.0,
            -55.59669896557116
        ],
        [
            0.0,
            1.0,
            0.0,
            -54.92048927613109
        ],
        [
            0.0,
            0.0,
            1.0,
            43.07428968268772
        ],
        [
            0.0,
            0.0,
            0.0,
            1.0
        ]
    ],
    "distmap_scale": 3.141592653589793,
    "frames": [
        {
            "file_path": "images/0_color.png",
            "distmap_path": "distmaps/0_color.png",
            "near": 0.29660769738930837,
            "far": 1.9694490164228042,
            "transform_matrix": [
                [
                    -0.753423,
                    0.656564,
                    0.0357388,
                    0.06116066945493025
                ],
                [
                    0.657178,
                    0.750104,
                    0.0738949,
                    0.047907101818743185
                ],
                [
                    0.0217089,
                    0.0791609,
                    -0.996625,
                    -1.1777820175717173
                ],
                [
                    0.0,
                    0.0,
                    0.0,
                    1.0
                ]
            ]
        },
        {
            "file_path": "images/5_color.png",
            "distmap_path": "distmaps/5_color.png",
            "near": 0.29635789533757695,
            "far": 1.9693016702871322,
            "transform_matrix": [
                [
                    -0.753446,
                    0.65654,
                    0.0357057,
                    0.0612337407231
                ],
                [
                    0.657151,
                    0.750127,
                    0.0739098,
                    0.047794015332290066
                ],
                [
                    0.0217409,
                    0.0791511,
                    -0.996625,
                    -1.1772774778629267
                ],
                [
                    0.0,
                    0.0,
                    0.0,
                    1.0
                ]
            ]
        },
        {
            "file_path": "images/10_color.png",
            "distmap_path": "distmaps/10_color.png",
            "near": 0.2962193908827922,
            "far": 1.9691078601802405,
            "transform_matrix": [
                [
                    -0.753461,
                    0.656523,
                    0.0356794,
                    0.061158929662831034
                ],
                [
                    0.657132,
                    0.750143,
                    0.0739089,
                    0.04764787279595069
                ],
                [
                    0.0217583,
                    0.0791336,
                    -0.996627,
                    -1.1767207443911576
                ],
                [
                    0.0,
                    0.0,
                    0.0,
                    1.0
                ]
            ]
        },
        {
            "file_path": "images/15_color.png",
            "distmap_path": "distmaps/15_color.png",
            "near": 0.2953068108802043,
            "far": 1.9682818371771353,
            "transform_matrix": [
                [
                    -0.753438,
                    0.656544,
                    0.0358062,
                    0.060798792698280396
                ],
                [
                    0.657164,
                    0.750122,
                    0.0738479,
                    0.04818894813882618
                ],
                [
                    0.0216254,
                    0.0791703,
                    -0.996627,
                    -1.173710904059407
                ],
                [
                    0.0,
                    0.0,
                    0.0,
                    1.0
                ]
            ]
        },
        {
            "file_path": "images/20_color.png",
            "distmap_path": "distmaps/20_color.png",
            "near": 0.2934046852701426,
            "far": 1.9669895883857036,
            "transform_matrix": [
                [
                    -0.753427,
                    0.656557,
                    0.0357777,
                    0.060897960847939324
                ],
                [
                    0.657175,
                    0.75011,
                    0.0738673,
                    0.04835770797245619
                ],
                [
                    0.0216609,
                    0.0791658,
                    -0.996626,
                    -1.1689438737073852
                ],
                [
                    0.0,
                    0.0,
                    0.0,
                    1.0
                ]
            ]
        },
        {
            "file_path": "images/30_color.png",
            "distmap_path": "distmaps/30_color.png",
            "near": 0.28864371293098134,
            "far": 1.9627813503286244,
            "transform_matrix": [
                [
                    -0.753419,
                    0.656573,
                    0.0356653,
                    0.0609170985610314
                ],
                [
                    0.65718,
                    0.7501,
                    0.0739231,
                    0.04834552942776121
                ],
                [
                    0.0217833,
                    0.0791337,
                    -0.996626,
                    -1.1553908932540093
                ],
                [
                    0.0,
                    0.0,
                    0.0,
                    1.0
                ]
            ]
        },
        {
            "file_path": "images/35_color.png",
            "distmap_path": "distmaps/35_color.png",
            "near": 0.28678871807417816,
            "far": 1.9599142025512493,
            "transform_matrix": [
                [
                    -0.753425,
                    0.656562,
                    0.0357526,
                    0.06013767170055481
                ],
                [
                    0.657177,
                    0.750109,
                    0.0738595,
                    0.04875612036319085
                ],
                [
                    0.021675,
                    0.0791433,
                    -0.996628,
                    -1.1469355036515183
                ],
                [
                    0.0,
                    0.0,
                    0.0,
                    1.0
                ]
            ]
        },
        {
            "file_path": "images/40_color.png",
            "distmap_path": "distmaps/40_color.png",
            "near": 0.2848457974491364,
            "far": 1.956096287460249,
            "transform_matrix": [
                [
                    -0.753426,
                    0.656564,
                    0.0356741,
                    0.059650529912756996
                ],
                [
                    0.657172,
                    0.750107,
                    0.0739188,
                    0.04867435013452479
                ],
                [
                    0.0217731,
                    0.0791364,
                    -0.996626,
                    -1.1366185365027996
                ],
                [
                    0.0,
                    0.0,
                    0.0,
                    1.0
                ]
            ]
        },
        {
            "file_path": "images/45_color.png",
            "distmap_path": "distmaps/45_color.png",
            "near": 0.2831982763590213,
            "far": 1.9512384629509605,
            "transform_matrix": [
                [
                    -0.753412,
                    0.656583,
                    0.0356229,
                    0.059373902968971756
                ],
                [
                    0.657187,
                    0.750092,
                    0.0739403,
                    0.04870566639231172
                ],
                [
                    0.0218275,
                    0.0791183,
                    -0.996626,
                    -1.1248053481487021
                ],
                [
                    0.0,
                    0.0,
                    0.0,
                    1.0
                ]
            ]
        },
        {
            "file_path": "images/55_color.png",
            "distmap_path": "distmaps/55_color.png",
            "near": 0.27992934564021904,
            "far": 1.9281010551604167,
            "transform_matrix": [
                [
                    -0.753359,
                    0.656642,
                    0.0356475,
                    0.05907813831209457
                ],
                [
                    0.657248,
                    0.75004,
                    0.073925,
                    0.04954250639206441
                ],
                [
                    0.0218053,
                    0.0791213,
                    -0.996626,
                    -1.09688168495529
                ],
                [
                    0.0,
                    0.0,
                    0.0,
                    1.0
                ]
            ]
        },
        {
            "file_path": "images/60_color.png",
            "distmap_path": "distmaps/60_color.png",
            "near": 0.2774434576693343,
            "far": 1.9095818278431302,
            "transform_matrix": [
                [
                    -0.753452,
                    0.656536,
                    0.035635,
                    0.05872322072384182
                ],
                [
                    0.65714,
                    0.750132,
                    0.073953,
                    0.04956512368935503
                ],
                [
                    0.0218218,
                    0.0791373,
                    -0.996625,
                    -1.0796229473304524
                ],
                [
                    0.0,
                    0.0,
                    0.0,
                    1.0
                ]
            ]
        },
        {
            "file_path": "images/65_color.png",
            "distmap_path": "distmaps/65_color.png",
            "near": 0.276854931662373,
            "far": 1.8938455652112625,
            "transform_matrix": [
                [
                    -0.753449,
                    0.656529,
                    0.0358286,
                    0.05777329423763601
                ],
                [
                    0.657152,
                    0.750136,
                    0.0738046,
                    0.05034107096563307
                ],
                [
                    0.0215785,
                    0.0791529,
                    -0.996629,
                    -1.0648173165655965
                ],
                [
                    0.0,
                    0.0,
                    0.0,
                    1.0
                ]
            ]
        },
        {
            "file_path": "images/70_color.png",
            "distmap_path": "distmaps/70_color.png",
            "near": 0.2812467691514911,
            "far": 1.8719045703250372,
            "transform_matrix": [
                [
                    -0.753459,
                    0.656528,
                    0.0356428,
                    0.057682825048473524
                ],
                [
                    0.657133,
                    0.750139,
                    0.0739468,
                    0.05012011736902472
                ],
                [
                    0.0218112,
                    0.079138,
                    -0.996625,
                    -1.0442703718731232
                ],
                [
                    0.0,
                    0.0,
                    0.0,
                    1.0
                ]
            ]
        },
        {
            "file_path": "images/80_color.png",
            "distmap_path": "distmaps/80_color.png",
            "near": 0.30180326203379343,
            "far": 1.8256773444818206,
            "transform_matrix": [
                [
                    -0.75339,
                    0.656613,
                    0.0355392,
                    0.05669984251238145
                ],
                [
                    0.657209,
                    0.750071,
                    0.0739667,
                    0.05106482447893276
                ],
                [
                    0.0219106,
                    0.0790825,
                    -0.996627,
                    -1.000688579786209
                ],
                [
                    0.0,
                    0.0,
                    0.0,
                    1.0
                ]
            ]
        },
        {
            "file_path": "images/85_color.png",
            "distmap_path": "distmaps/85_color.png",
            "near": 0.3182376403007884,
            "far": 1.799548996407961,
            "transform_matrix": [
                [
                    -0.75341,
                    0.656587,
                    0.0355878,
                    0.056477149123673895
                ],
                [
                    0.657187,
                    0.750091,
                    0.0739444,
                    0.05094303903198321
                ],
                [
                    0.0218568,
                    0.0790983,
                    -0.996627,
                    -0.9761035776313116
                ],
                [
                    0.0,
                    0.0,
                    0.0,
                    1.0
                ]
            ]
        },
        {
            "file_path": "images/90_color.png",
            "distmap_path": "distmaps/90_color.png",
            "near": 0.32285881872674954,
            "far": 1.7715449209655296,
            "transform_matrix": [
                [
                    -0.753407,
                    0.656586,
                    0.0356738,
                    0.05561769182663058
                ],
                [
                    0.657195,
                    0.750092,
                    0.0738755,
                    0.05137102788840559
                ],
                [
                    0.021747,
                    0.079103,
                    -0.996629,
                    -0.9497057121089666
                ],
                [
                    0.0,
                    0.0,
                    0.0,
                    1.0
                ]
            ]
        },
        {
            "file_path": "images/95_color.png",
            "distmap_path": "distmaps/95_color.png",
            "near": 0.3210862701696426,
            "far": 1.7430227331034722,
            "transform_matrix": [
                [
                    -0.753405,
                    0.656588,
                    0.0356859,
                    0.05522797839639223
                ],
                [
                    0.657194,
                    0.750075,
                    0.0740533,
                    0.05101958988435151
                ],
                [
                    0.0218553,
                    0.0792447,
                    -0.996616,
                    -0.9228815975222981
                ],
                [
                    0.0,
                    0.0,
                    0.0,
                    1.0
                ]
            ]
        },
        {
            "file_path": "images/105_color.png",
            "distmap_path": "distmaps/105_color.png",
            "near": 0.33069405323883877,
            "far": 1.6833765783432608,
            "transform_matrix": [
                [
                    -0.753406,
                    0.656592,
                    0.0355975,
                    0.05528365174356912
                ],
                [
                    0.657194,
                    0.75009,
                    0.0738965,
                    0.05180771570532441
                ],
                [
                    0.0218185,
                    0.0790685,
                    -0.99663,
                    -0.8661382782043461
                ],
                [
                    0.0,
                    0.0,
                    0.0,
                    1.0
                ]
            ]
        },
        {
            "file_path": "images/110_color.png",
            "distmap_path": "distmaps/110_color.png",
            "near": 0.3329249402998778,
            "far": 1.6513739014893982,
            "transform_matrix": [
                [
                    -0.753405,
                    0.656597,
                    0.0355111,
                    0.05490437706592653
                ],
                [
                    0.657191,
                    0.750085,
                    0.0739733,
                    0.051600680445510375
                ],
                [
                    0.0219344,
                    0.0790694,
                    -0.996628,
                    -0.8358502375480154
                ],
                [
                    0.0,
                    0.0,
                    0.0,
                    1.0
                ]
            ]
        },
        {
            "file_path": "images/115_color.png",
            "distmap_path": "distmaps/115_color.png",
            "near": 0.3371389811982038,
            "far": 1.6158874723495726,
            "transform_matrix": [
                [
                    -0.75338,
                    0.65662,
                    0.035624,
                    0.054458990288511415
                ],
                [
                    0.657222,
                    0.750056,
                    0.0739939,
                    0.051630256911198096
                ],
                [
                    0.0218658,
                    0.0791584,
                    -0.996622,
                    -0.8021226279114118
                ],
                [
                    0.0,
                    0.0,
                    0.0,
                    1.0
                ]
            ]
        },
        {
            "file_path": "images/120_color.png",
            "distmap_path": "distmaps/120_color.png",
            "near": 0.3480584267747779,
            "far": 1.5790707307421157,
            "transform_matrix": [
                [
                    -0.753418,
                    0.656577,
                    0.0356188,
                    0.054838264966154
                ],
                [
                    0.657179,
                    0.750095,
                    0.0739898,
                    0.05142670123558248
                ],
                [
                    0.0218624,
                    0.0791532,
                    -0.996623,
                    -0.7669318531193156
                ],
                [
                    0.0,
                    0.0,
                    0.0,
                    1.0
                ]
            ]
        },
        {
            "file_path": "images/130_color.png",
            "distmap_path": "distmaps/130_color.png",
            "near": 0.33565217263397074,
            "far": 1.5118610464150797,
            "transform_matrix": [
                [
                    -0.753374,
                    0.656621,
                    0.0357347,
                    0.05490437706592653
                ],
                [
                    0.657234,
                    0.750056,
                    0.0738877,
                    0.051748562773948965
                ],
                [
                    0.0217132,
                    0.0791511,
                    -0.996626,
                    -0.702382086651903
                ],
                [
                    0.0,
                    0.0,
                    0.0,
                    1.0
                ]
            ]
        },
        {
            "file_path": "images/135_color.png",
            "distmap_path": "distmaps/135_color.png",
            "near": 0.32746396554000745,
            "far": 1.476922212151787,
            "transform_matrix": [
                [
                    -0.753371,
                    0.656631,
                    0.0356051,
                    0.05582124750224607
                ],
                [
                    0.657232,
                    0.750049,
                    0.0739751,
                    0.050798636287743164
                ],
                [
                    0.0218688,
                    0.0791316,
                    -0.996624,
                    -0.668781481838547
                ],
                [
                    0.0,
                    0.0,
                    0.0,
                    1.0
                ]
            ]
        },
        {
            "file_path": "images/140_color.png",
            "distmap_path": "distmaps/140_color.png",
            "near": 0.3172903261863907,
            "far": 1.4470656297340019,
            "transform_matrix": [
                [
                    -0.753388,
                    0.656614,
                    0.0355488,
                    0.056170945714200934
                ],
                [
                    0.657211,
                    0.750067,
                    0.0739889,
                    0.05073774356426839
                ],
                [
                    0.0219182,
                    0.0791054,
                    -0.996625,
                    -0.6398817952774399
                ],
                [
                    0.0,
                    0.0,
                    0.0,
                    1.0
                ]
            ]
        },
        {
            "file_path": "images/145_color.png",
            "distmap_path": "distmaps/145_color.png",
            "near": 0.3067943032365293,
            "far": 1.4183232799548027,
            "transform_matrix": [
                [
                    -0.75337,
                    0.656626,
                    0.035709,
                    0.055965650246486115
                ],
                [
                    0.657238,
                    0.750057,
                    0.0738468,
                    0.05070816709858068
                ],
                [
                    0.0217059,
                    0.0791033,
                    -0.99663,
                    -0.6120607798178855
                ],
                [
                    0.0,
                    0.0,
                    0.0,
                    1.0
                ]
            ]
        },
        {
            "file_path": "images/155_color.png",
            "distmap_path": "distmaps/155_color.png",
            "near": 0.2848096163527592,
            "far": 1.364450373431162,
            "transform_matrix": [
                [
                    -0.753382,
                    0.65662,
                    0.0355708,
                    0.0573366064207172
                ],
                [
                    0.657219,
                    0.750063,
                    0.0739533,
                    0.04943115969771063
                ],
                [
                    0.0218789,
                    0.0790929,
                    -0.996627,
                    -0.5596304051140434
                ],
                [
                    0.0,
                    0.0,
                    0.0,
                    1.0
                ]
            ]
        },
        {
            "file_path": "images/160_color.png",
            "distmap_path": "distmaps/160_color.png",
            "near": 0.2745715792801783,
            "far": 1.3420473741222114,
            "transform_matrix": [
                [
                    -0.753357,
                    0.656643,
                    0.035688,
                    0.05759409565141037
                ],
                [
                    0.657252,
                    0.750039,
                    0.0739007,
                    0.04937548635053374
                ],
                [
                    0.0217589,
                    0.0791296,
                    -0.996627,
                    -0.5376359533949711
                ],
                [
                    0.0,
                    0.0,
                    0.0,
                    1.0
                ]
            ]
        },
        {
            "file_path": "images/165_color.png",
            "distmap_path": "distmaps/165_color.png",
            "near": 0.2662124081543474,
            "far": 1.3206545737619508,
            "transform_matrix": [
                [
                    -0.753419,
                    0.656571,
                    0.0356978,
                    0.058352645006695535
                ],
                [
                    0.657182,
                    0.750107,
                    0.0738343,
                    0.04880657433406986
                ],
                [
                    0.0217003,
                    0.0790881,
                    -0.996631,
                    -0.5166001271226005
                ],
                [
                    0.0,
                    0.0,
                    0.0,
                    1.0
                ]
            ]
        },
        {
            "file_path": "images/170_color.png",
            "distmap_path": "distmaps/170_color.png",
            "near": 0.2651029941237782,
            "far": 1.297829286499757,
            "transform_matrix": [
                [
                    -0.75343,
                    0.656561,
                    0.0356359,
                    0.058770195110522276
                ],
                [
                    0.657166,
                    0.750113,
                    0.0739164,
                    0.04831595296207349
                ],
                [
                    0.0217998,
                    0.0791096,
                    -0.996628,
                    -0.4941289723683258
                ],
                [
                    0.0,
                    0.0,
                    0.0,
                    1.0
                ]
            ]
        },
        {
            "file_path": "images/180_color.png",
            "distmap_path": "distmaps/180_color.png",
            "near": 0.31149734847106514,
            "far": 1.2601659847963997,
            "transform_matrix": [
                [
                    -0.753388,
                    0.656604,
                    0.0357408,
                    0.060278594860596314
                ],
                [
                    0.657217,
                    0.750069,
                    0.0739029,
                    0.0472755572867052
                ],
                [
                    0.0217168,
                    0.0791671,
                    -0.996625,
                    -0.4567217024417495
                ],
                [
                    0.0,
                    0.0,
                    0.0,
                    1.0
                ]
            ]
        },
        {
            "file_path": "images/185_color.png",
            "distmap_path": "distmaps/185_color.png",
            "near": 0.3242076099849084,
            "far": 1.24363155221174,
            "transform_matrix": [
                [
                    -0.753395,
                    0.656601,
                    0.0356631,
                    0.06085968542175517
                ],
                [
                    0.657207,
                    0.750073,
                    0.0739614,
                    0.04686148676707701
                ],
                [
                    0.0218132,
                    0.0791601,
                    -0.996623,
                    -0.44022499375639546
                ],
                [
                    0.0,
                    0.0,
                    0.0,
                    1.0
                ]
            ]
        },
        {
            "file_path": "images/190_color.png",
            "distmap_path": "distmaps/190_color.png",
            "near": 0.32848271696159315,
            "far": 1.229364511556161,
            "transform_matrix": [
                [
                    -0.753375,
                    0.656614,
                    0.035827,
                    0.060816190619273264
                ],
                [
                    0.657236,
                    0.75006,
                    0.0738314,
                    0.04697805283772867
                ],
                [
                    0.0216063,
                    0.0791696,
                    -0.996627,
                    -0.42591868332403243
                ],
                [
                    0.0,
                    0.0,
                    0.0,
                    1.0
                ]
            ]
        },
        {
            "file_path": "images/195_color.png",
            "distmap_path": "distmaps/195_color.png",
            "near": 0.32848271696159315,
            "far": 1.2149278895133429,
            "transform_matrix": [
                [
                    -0.75339,
                    0.656609,
                    0.035603,
                    0.061724362095096366
                ],
                [
                    0.657211,
                    0.750073,
                    0.0739176,
                    0.04622298306664205
                ],
                [
                    0.0218302,
                    0.0790875,
                    -0.996629,
                    -0.4114523120185357
                ],
                [
                    0.0,
                    0.0,
                    0.0,
                    1.0
                ]
            ]
        },
        {
            "file_path": "images/205_color.png",
            "distmap_path": "distmaps/205_color.png",
            "near": 0.3255299280747666,
            "far": 1.1931522510446695,
            "transform_matrix": [
                [
                    -0.753332,
                    0.656681,
                    0.0355218,
                    0.06287784425691766
                ],
                [
                    0.657275,
                    0.750014,
                    0.0739452,
                    0.04569756585266008
                ],
                [
                    0.0219166,
                    0.0790529,
                    -0.996629,
                    -0.3893552125656058
                ],
                [
                    0.0,
                    0.0,
                    0.0,
                    1.0
                ]
            ]
        },
        {
            "file_path": "images/210_color.png",
            "distmap_path": "distmaps/210_color.png",
            "near": 0.3245453923181269,
            "far": 1.1831183991181191,
            "transform_matrix": [
                [
                    -0.753319,
                    0.656691,
                    0.0355984,
                    0.06294395635669019
                ],
                [
                    0.657292,
                    0.750002,
                    0.0739252,
                    0.045683647515865886
                ],
                [
                    0.0218472,
                    0.0790878,
                    -0.996628,
                    -0.37921222462681503
                ],
                [
                    0.0,
                    0.0,
                    0.0,
                    1.0
                ]
            ]
        },
        {
            "file_path": "images/215_color.png",
            "distmap_path": "distmaps/215_color.png",
            "near": 0.32350356368384925,
            "far": 1.176463225099481,
            "transform_matrix": [
                [
                    -0.753364,
                    0.656641,
                    0.0355812,
                    0.06339108292620464
                ],
                [
                    0.657241,
                    0.750047,
                    0.0739183,
                    0.04523826073845064
                ],
                [
                    0.0218502,
                    0.0790728,
                    -0.996629,
                    -0.3724792292026092
                ],
                [
                    0.0,
                    0.0,
                    0.0,
                    1.0
                ]
            ]
        },
        {
            "file_path": "images/220_color.png",
            "distmap_path": "distmaps/220_color.png",
            "near": 0.32298156206394985,
            "far": 1.1724798818088067,
            "transform_matrix": [
                [
                    -0.753399,
                    0.656603,
                    0.0355274,
                    0.06359637839391946
                ],
                [
                    0.657197,
                    0.750078,
                    0.0739934,
                    0.04485028710031162
                ],
                [
                    0.021936,
                    0.0790951,
                    -0.996626,
                    -0.36852816134514893
                ],
                [
                    0.0,
                    0.0,
                    0.0,
                    1.0
                ]
            ]
        },
        {
            "file_path": "images/230_color.png",
            "distmap_path": "distmaps/230_color.png",
            "near": 0.3231239261421042,
            "far": 1.1709376283977018,
            "transform_matrix": [
                [
                    -0.753408,
                    0.656586,
                    0.0356563,
                    0.06342761856028958
                ],
                [
                    0.657192,
                    0.75009,
                    0.0739126,
                    0.044968592963062624
                ],
                [
                    0.0217845,
                    0.0791194,
                    -0.996627,
                    -0.3669658280399971
                ],
                [
                    0.0,
                    0.0,
                    0.0,
                    1.0
                ]
            ]
        },
        {
            "file_path": "images/235_color.png",
            "distmap_path": "distmaps/235_color.png",
            "near": 0.32298156206394985,
            "far": 1.172092862717139,
            "transform_matrix": [
                [
                    -0.753391,
                    0.656608,
                    0.0356057,
                    0.06361203652281298
                ],
                [
                    0.657209,
                    0.750069,
                    0.0739764,
                    0.04502252651814018
                ],
                [
                    0.0218667,
                    0.0791336,
                    -0.996624,
                    -0.36805145830994673
                ],
                [
                    0.0,
                    0.0,
                    0.0,
                    1.0
                ]
            ]
        },
        {
            "file_path": "images/240_color.png",
            "distmap_path": "distmaps/240_color.png",
            "near": 0.3230764714493861,
            "far": 1.1765575368924792,
            "transform_matrix": [
                [
                    -0.753383,
                    0.656627,
                    0.0354256,
                    0.06375469947495382
                ],
                [
                    0.657211,
                    0.750057,
                    0.074085,
                    0.04494423587367266
                ],
                [
                    0.022075,
                    0.0790965,
                    -0.996623,
                    -0.37256099943127524
                ],
                [
                    0.0,
                    0.0,
                    0.0,
                    1.0
                ]
            ]
        },
        {
            "file_path": "images/245_color.png",
            "distmap_path": "distmaps/245_color.png",
            "near": 0.3241659238101585,
            "far": 1.1831809087605931,
            "transform_matrix": [
                [
                    -0.753404,
                    0.656595,
                    0.0355621,
                    0.06326059851875879
                ],
                [
                    0.657193,
                    0.750082,
                    0.0739928,
                    0.04520346489646516
                ],
                [
                    0.0219088,
                    0.0791176,
                    -0.996625,
                    -0.3793409692421617
                ],
                [
                    0.0,
                    0.0,
                    0.0,
                    1.0
                ]
            ]
        },
        {
            "file_path": "images/255_color.png",
            "distmap_path": "distmaps/255_color.png",
            "near": 0.3264857733840206,
            "far": 1.1974565642157047,
            "transform_matrix": [
                [
                    -0.753421,
                    0.656572,
                    0.0356509,
                    0.06241157997431112
                ],
                [
                    0.657178,
                    0.750101,
                    0.0739362,
                    0.04570800460525572
                ],
                [
                    0.0218027,
                    0.0791341,
                    -0.996626,
                    -0.3938369170133459
                ],
                [
                    0.0,
                    0.0,
                    0.0,
                    1.0
                ]
            ]
        },
        {
            "file_path": "images/260_color.png",
            "distmap_path": "distmaps/260_color.png",
            "near": 0.32771977608663855,
            "far": 1.2070816415690067,
            "transform_matrix": [
                [
                    -0.753394,
                    0.6566,
                    0.035684,
                    0.06215757032781663
                ],
                [
                    0.657209,
                    0.750075,
                    0.0739159,
                    0.0460942384512954
                ],
                [
                    0.0217675,
                    0.0791397,
                    -0.996626,
                    -0.4034736254512467
                ],
                [
                    0.0,
                    0.0,
                    0.0,
                    1.0
                ]
            ]
        },
        {
            "file_path": "images/265_color.png",
            "distmap_path": "distmaps/265_color.png",
            "near": 0.3282453432786603,
            "far": 1.2155829616860863,
            "transform_matrix": [
                [
                    -0.753412,
                    0.656581,
                    0.0356524,
                    0.06193487693910894
                ],
                [
                    0.657186,
                    0.750089,
                    0.0739778,
                    0.045836749220602366
                ],
                [
                    0.0218299,
