{
    "camera_model": "FISHEYE_OPENCV",
    "fx": 767.3861511125845,
    "fy": 767.5058656118406,
    "cx": 679.054265997005,
    "cy": 543.646891684636,
    "k1": -0.18867185058223412,
    "k2": -0.003927337093919806,
    "k3": 0.030524814153620117,
    "k4": -0.012756926010904904,
    "p1": 0,
    "p2": 0,
    "w": 1350,
    "h": 1080,
    "camera_angle_x": 1.4428692492187012,
    "camera_angle_y": 1.2262461230200543,
    "scene_scale": 0.011159644160016207,
    "dist_ftype": "png",
    "distmap": "dense",
    "rgb_mask": "rgb_mask.png",
    "scene_T": [
        [
            1.0,
            0.0,
            0.0,
            -69.8759061225394
        ],
        [
            0.0,
            1.0,
            0.0,
            -181.61211875022406
        ],
        [
            0.0,
            0.0,
            1.0,
            41.856032879264426
        ],
        [
            0.0,
            0.0,
            0.0,
            1.0
        ]
    ],
    "distmap_scale": 3.141592653589793,
    "frames": [
        {
            "file_path": "images/0_color.png",
            "distmap_path": "distmaps/0_color.png",
            "near": 0.08679817824462673,
            "far": 1.2652449843136515,
            "transform_matrix": [
                [
                    0.569842,
                    -0.820068,
                    0.0526144,
                    -0.0058466059007935625
                ],
                [
                    -0.0241266,
                    0.0473032,
                    0.998589,
                    0.12358057421777517
                ],
                [
                    -0.8214,
                    -0.570308,
                    0.00716986,
                    -0.005481250290508737
                ],
                [
                    0.0,
                    0.0,
                    0.0,
                    1.0
                ]
            ]
        },
        {
            "file_path": "images/5_color.png",
            "distmap_path": "distmaps/5_color.png",
            "near": 0.08515474048612616,
            "far": 1.263166039761025,
            "transform_matrix": [
                [
                    0.571306,
                    -0.818764,
                    0.0568769,
                    -0.0037485927987104886
                ],
                [
                    -0.028253,
                    0.0496393,
                    0.998368,
                    0.15745009424342432
                ],
                [
                    -0.820251,
                    -0.571981,
                    0.00522676,
                    -0.004517057035083364
                ],
                [
                    0.0,
                    0.0,
                    0.0,
                    1.0
                ]
            ]
        },
        {
            "file_path": "images/10_color.png",
            "distmap_path": "distmaps/10_color.png",
            "near": 0.08676272275882323,
            "far": 1.2652738495580795,
            "transform_matrix": [
                [
                    0.572659,
                    -0.817487,
                    0.0614593,
                    0.00013942722663913597
                ],
                [
                    -0.0324373,
                    0.0523154,
                    0.998104,
                    0.19260297334747542
                ],
                [
                    -0.819152,
                    -0.573566,
                    0.0034418,
                    -0.004291632223051007
                ],
                [
                    0.0,
                    0.0,
                    0.0,
                    1.0
                ]
            ]
        },
        {
            "file_path": "images/15_color.png",
            "distmap_path": "distmaps/15_color.png",
            "near": 0.09085545263753432,
            "far": 1.2664658292620872,
            "transform_matrix": [
                [
                    0.573795,
                    -0.816432,
                    0.0647999,
                    0.001711821088785442
                ],
                [
                    -0.0356877,
                    0.0541211,
                    0.997897,
                    0.21992178225119488
                ],
                [
                    -0.818221,
                    -0.5749,
                    0.00191785,
                    -0.0034356875159777364
                ],
                [
                    0.0,
                    0.0,
                    0.0,
                    1.0
                ]
            ]
        },
        {
            "file_path": "images/20_color.png",
            "distmap_path": "distmaps/20_color.png",
            "near": 0.09722596906127527,
            "far": 1.266429480770255,
            "transform_matrix": [
                [
                    0.575351,
                    -0.814999,
                    0.0689033,
                    0.004326525715477132
                ],
                [
                    -0.0397907,
                    0.0562527,
                    0.997623,
                    0.25288737109988285
                ],
                [
                    -0.816938,
                    -0.576725,
                    -6.42836e-05,
                    -0.004515941070667325
                ],
                [
                    0.0,
                    0.0,
                    0.0,
                    1.0
                ]
            ]
        },
        {
            "file_path": "images/30_color.png",
            "distmap_path": "distmaps/30_color.png",
            "near": 0.10251306370703123,
            "far": 1.263337125176367,
            "transform_matrix": [
                [
                    0.577635,
                    -0.812786,
                    0.0756124,
                    0.00885399335119582
                ],
                [
                    -0.0462787,
                    0.0598724,
                    0.997133,
                    0.3067996120369213
                ],
                [
                    -0.814982,
                    -0.579478,
                    -0.00303027,
                    -0.004280472578891016
                ],
                [
                    0.0,
                    0.0,
                    0.0,
                    1.0
                ]
            ]
        },
        {
            "file_path": "images/35_color.png",
            "distmap_path": "distmaps/35_color.png",
            "near": 0.10927423870124742,
            "far": 1.2611196857377633,
            "transform_matrix": [
                [
                    0.57872,
                    -0.811691,
                    0.0790003,
                    0.012144972413984581
                ],
                [
                    -0.0495593,
                    0.0616878,
                    0.996864,
                    0.3334600019351998
                ],
                [
                    -0.814019,
                    -0.58082,
                    -0.00452696,
                    -0.0038798413535463773
                ],
                [
                    0.0,
                    0.0,
                    0.0,
                    1.0
                ]
            ]
        },
        {
            "file_path": "images/40_color.png",
            "distmap_path": "distmaps/40_color.png",
            "near": 0.11260887734734473,
            "far": 1.2594457158537593,
            "transform_matrix": [
                [
                    0.579682,
                    -0.810708,
                    0.0819869,
                    0.014390292818979843
                ],
                [
                    -0.0524353,
                    0.0632948,
                    0.996617,
                    0.35781034549235535
                ],
                [
                    -0.813154,
                    -0.58202,
                    -0.00581881,
                    -0.00335422211360961
                ],
                [
                    0.0,
                    0.0,
                    0.0,
                    1.0
                ]
            ]
        },
        {
            "file_path": "images/45_color.png",
            "distmap_path": "distmaps/45_color.png",
            "near": 0.1156030459665632,
            "far": 1.2580836065663727,
            "transform_matrix": [
                [
                    0.580633,
                    -0.809736,
                    0.0848052,
                    0.01694138747395955
                ],
                [
                    -0.0552297,
                    0.0647485,
                    0.996372,
                    0.38001803737078743
                ],
                [
                    -0.81229,
                    -0.583211,
                    -0.00712639,
                    -0.0038452464566503678
                ],
                [
                    0.0,
                    0.0,
                    0.0,
                    1.0
                ]
            ]
        },
        {
            "file_path": "images/55_color.png",
            "distmap_path": "distmaps/55_color.png",
            "near": 0.11810352303151882,
            "far": 1.2558202830351863,
            "transform_matrix": [
                [
                    0.582035,
                    -0.808244,
                    0.0893091,
                    0.02100349794820534
                ],
                [
                    -0.0596634,
                    0.0670863,
                    0.995962,
                    0.41646543519740054
                ],
                [
                    -0.810972,
                    -0.585013,
                    -0.00917602,
                    -0.0032336979566814777
                ],
                [
                    0.0,
                    0.0,
                    0.0,
                    1.0
                ]
            ]
        },
        {
            "file_path": "images/60_color.png",
            "distmap_path": "distmaps/60_color.png",
            "near": 0.12196841155099705,
            "far": 1.254873997251755,
            "transform_matrix": [
                [
                    0.582642,
                    -0.807558,
                    0.0915392,
                    0.023934020504625664
                ],
                [
                    -0.0617481,
                    0.068321,
                    0.995751,
                    0.433383455743985
                ],
                [
                    -0.81038,
                    -0.585818,
                    -0.0100584,
                    -0.003678967758666078
                ],
                [
                    0.0,
                    0.0,
                    0.0,
                    1.0
                ]
            ]
        }
    ]
}