{
    "camera_model": "FISHEYE_OPENCV",
    "fx": 767.3861511125845,
    "fy": 767.5058656118406,
    "cx": 679.054265997005,
    "cy": 543.646891684636,
    "k1": -0.18867185058223412,
    "k2": -0.003927337093919806,
    "k3": 0.030524814153620117,
    "k4": -0.012756926010904904,
    "p1": 0,
    "p2": 0,
    "w": 1350,
    "h": 1080,
    "camera_angle_x": 1.4428692492187012,
    "camera_angle_y": 1.2262461230200543,
    "scene_scale": 0.0119171193127621,
    "dist_ftype": "png",
    "distmap": "dense",
    "rgb_mask": "rgb_mask.png",
    "scene_T": [
        [
            1.0,
            0.0,
            0.0,
            -60.78845023729752
        ],
        [
            0.0,
            1.0,
            0.0,
            -40.72308786416698
        ],
        [
            0.0,
            0.0,
            1.0,
            38.77842040925179
        ],
        [
            0.0,
            0.0,
            0.0,
            1.0
        ]
    ],
    "distmap_scale": 3.141592653589793,
    "frames": [
        {
            "file_path": "images/0_color.png",
            "distmap_path": "distmaps/0_color.png",
            "near": 0.12091733486153418,
            "far": 0.820836686203698,
            "transform_matrix": [
                [
                    -0.106713,
                    -0.050718,
                    -0.992995,
                    -0.06573781223692679
                ],
                [
                    0.835953,
                    -0.545289,
                    -0.0619856,
                    -0.05466844851119477
                ],
                [
                    -0.538326,
                    -0.836712,
                    0.100588,
                    0.002061904860596434
                ],
                [
                    0.0,
                    0.0,
                    0.0,
                    1.0
                ]
            ]
        },
        {
            "file_path": "images/5_color.png",
            "distmap_path": "distmaps/5_color.png",
            "near": 0.1217950007236725,
            "far": 0.8277149805684869,
            "transform_matrix": [
                [
                    -0.106665,
                    -0.0505278,
                    -0.99301,
                    -0.06708921356699399
                ],
                [
                    0.835906,
                    -0.545355,
                    -0.0620401,
                    -0.05470062473333919
                ],
                [
                    -0.538408,
                    -0.836681,
                    0.100407,
                    0.0015887952238798232
                ],
                [
                    0.0,
                    0.0,
                    0.0,
                    1.0
                ]
            ]
        },
        {
            "file_path": "images/10_color.png",
            "distmap_path": "distmaps/10_color.png",
            "near": 0.12347038048813694,
            "far": 0.8367932588297574,
            "transform_matrix": [
                [
                    -0.106615,
                    -0.0501939,
                    -0.993033,
                    -0.07013165412754213
                ],
                [
                    0.835851,
                    -0.545425,
                    -0.0621709,
                    -0.054306168084086795
                ],
                [
                    -0.538504,
                    -0.836656,
                    0.100105,
                    0.0012646495785726874
                ],
                [
                    0.0,
                    0.0,
                    0.0,
                    1.0
                ]
            ]
        },
        {
            "file_path": "images/15_color.png",
            "distmap_path": "distmaps/15_color.png",
            "near": 0.12473009157967374,
            "far": 0.8501319368511362,
            "transform_matrix": [
                [
                    -0.10671,
                    -0.0498379,
                    -0.99304,
                    -0.0748174654413202
                ],
                [
                    0.835789,
                    -0.545489,
                    -0.0624356,
                    -0.0542644581664921
                ],
                [
                    -0.538581,
                    -0.836635,
                    0.0998632,
                    0.002078588827634347
                ],
                [
                    0.0,
                    0.0,
                    0.0,
                    1.0
                ]
            ]
        },
        {
            "file_path": "images/20_color.png",
            "distmap_path": "distmaps/20_color.png",
            "near": 0.12639796817601617,
            "far": 0.8658135496365655,
            "transform_matrix": [
                [
                    -0.106673,
                    -0.0494215,
                    -0.993065,
                    -0.0797237434623844
                ],
                [
                    0.835693,
                    -0.545617,
                    -0.0626152,
                    -0.05420963941765344
                ],
                [
                    -0.538738,
                    -0.836576,
                    0.0995039,
                    0.0023324234689961385
                ],
                [
                    0.0,
                    0.0,
                    0.0,
                    1.0
                ]
            ]
        },
        {
            "file_path": "images/30_color.png",
            "distmap_path": "distmaps/30_color.png",
            "near": 0.12994696045255927,
            "far": 1.3375880410091565,
            "transform_matrix": [
                [
                    -0.106651,
                    -0.047831,
                    -0.993145,
                    -0.09603708808962438
                ],
                [
                    0.835384,
                    -0.545997,
                    -0.063414,
                    -0.05346243603674326
                ],
                [
                    -0.539221,
                    -0.836421,
                    0.0981885,
                    0.002706621015416928
                ],
                [
                    0.0,
                    0.0,
                    0.0,
                    1.0
                ]
            ]
        },
        {
            "file_path": "images/35_color.png",
            "distmap_path": "distmaps/35_color.png",
            "near": 0.13082279564423735,
            "far": 1.3424063302184364,
            "transform_matrix": [
                [
                    -0.106618,
                    -0.0468806,
                    -0.993194,
                    -0.10543492837966861
                ],
                [
                    0.835198,
                    -0.546227,
                    -0.0638747,
                    -0.05310968930508548
                ],
                [
                    -0.539515,
                    -0.836324,
                    0.0973924,
                    0.0031249119032948766
                ],
                [
                    0.0,
                    0.0,
                    0.0,
                    1.0
                ]
            ]
        },
        {
            "file_path": "images/40_color.png",
            "distmap_path": "distmaps/40_color.png",
            "near": 0.13173105828873108,
            "far": 1.348656168456987,
            "transform_matrix": [
                [
                    -0.106708,
                    -0.046063,
                    -0.993223,
                    -0.11507587790369311
                ],
                [
                    0.835052,
                    -0.546393,
                    -0.0643748,
                    -0.05299886009547684
                ],
                [
                    -0.539724,
                    -0.836262,
                    0.0967698,
                    0.0042534631022134
                ],
                [
                    0.0,
                    0.0,
                    0.0,
                    1.0
                ]
            ]
        },
        {
            "file_path": "images/45_color.png",
            "distmap_path": "distmaps/45_color.png",
            "near": 0.1340666052842103,
            "far": 1.358326093402457,
            "transform_matrix": [
                [
                    -0.106517,
                    -0.0446278,
                    -0.993309,
                    -0.1284016007192237
                ],
                [
                    0.834765,
                    -0.546762,
                    -0.0649508,
                    -0.0524768902695778
                ],
                [
                    -0.540204,
                    -0.836098,
                    0.0954932,
                    0.004495380624262457
                ],
                [
                    0.0,
                    0.0,
                    0.0,
                    1.0
                ]
            ]
        },
        {
            "file_path": "images/55_color.png",
            "distmap_path": "distmaps/55_color.png",
            "near": 0.13640437590146628,
            "far": 1.3799566862204082,
            "transform_matrix": [
                [
                    -0.10633,
                    -0.0419348,
                    -0.993446,
                    -0.15528423846495246
                ],
                [
                    0.834279,
                    -0.547354,
                    -0.0661895,
                    -0.05142580034619218
                ],
                [
                    -0.540992,
                    -0.83585,
                    0.0931856,
                    0.004599059562283542
                ],
                [
                    0.0,
                    0.0,
                    0.0,
                    1.0
                ]
            ]
        },
        {
            "file_path": "images/60_color.png",
            "distmap_path": "distmaps/60_color.png",
            "near": 0.13792673926261548,
            "far": 1.388742187351105,
            "transform_matrix": [
                [
                    -0.106287,
                    -0.0408692,
                    -0.993495,
                    -0.1677018767888506
                ],
                [
                    0.834081,
                    -0.547593,
                    -0.0667066,
                    -0.05087999628166768
                ],
                [
                    -0.541305,
                    -0.835746,
                    0.0922905,
                    0.005086469742175519
                ],
                [
                    0.0,
                    0.0,
                    0.0,
                    1.0
                ]
            ]
        },
        {
            "file_path": "images/65_color.png",
            "distmap_path": "distmaps/65_color.png",
            "near": 0.13919181539229555,
            "far": 1.396650138076598,
            "transform_matrix": [
                [
                    -0.106314,
                    -0.0400249,
                    -0.993527,
                    -0.1766099234751402
                ],
                [
                    0.833934,
                    -0.547761,
                    -0.0671699,
                    -0.051033727120802334
                ],
                [
                    -0.541527,
                    -0.835677,
                    0.091613,
                    0.005653724621462943
                ],
                [
                    0.0,
                    0.0,
                    0.0,
                    1.0
                ]
            ]
        },
        {
            "file_path": "images/70_color.png",
            "distmap_path": "distmaps/70_color.png",
            "near": 0.1394579568064868,
            "far": 1.405851543393232,
            "transform_matrix": [
                [
                    -0.106325,
                    -0.0391189,
                    -0.993562,
                    -0.1860947587361676
                ],
                [
                    0.833787,
                    -0.547925,
                    -0.0676536,
                    -0.05085735375497344
                ],
                [
                    -0.541751,
                    -0.835612,
                    0.0908749,
                    0.006352067813190868
                ],
                [
                    0.0,
                    0.0,
                    0.0,
                    1.0
                ]
            ]
        },
        {
            "file_path": "images/80_color.png",
            "distmap_path": "distmaps/80_color.png",
            "near": 0.1388586245565956,
            "far": 1.4209295150083994,
            "transform_matrix": [
                [
                    -0.106542,
                    -0.0372732,
                    -0.993609,
                    -0.20037385109671915
                ],
                [
                    0.833475,
                    -0.548257,
                    -0.0688049,
                    -0.05057610973919223
                ],
                [
                    -0.542188,
                    -0.835479,
                    0.0894789,
                    0.006859737095914451
                ],
                [
                    0.0,
                    0.0,
                    0.0,
                    1.0
                ]
            ]
        },
        {
            "file_path": "images/85_color.png",
            "distmap_path": "distmaps/85_color.png",
            "near": 0.1387595893702856,
            "far": 1.4263819274306992,
            "transform_matrix": [
                [
                    -0.107124,
                    -0.0361967,
                    -0.993587,
                    -0.20558044052446492
                ],
                [
                    0.833343,
                    -0.548323,
                    -0.0698719,
                    -0.050163777410970695
                ],
                [
                    -0.542277,
                    -0.835483,
                    0.088903,
                    0.006980100000973364
                ],
                [
                    0.0,
                    0.0,
                    0.0,
                    1.0
                ]
            ]
        },
        {
            "file_path": "images/90_color.png",
            "distmap_path": "distmaps/90_color.png",
            "near": 0.1384542576649348,
            "far": 1.432419360568353,
            "transform_matrix": [
                [
                    -0.10798,
                    -0.0349917,
                    -0.993537,
                    -0.210439050068278
                ],
                [
                    0.833255,
                    -0.548279,
                    -0.0712504,
                    -0.050742949409570935
                ],
                [
                    -0.542243,
                    -0.835563,
                    0.0883605,
                    0.007232742930403924
                ],
                [
                    0.0,
                    0.0,
                    0.0,
                    1.0
                ]
            ]
        },
        {
            "file_path": "images/95_color.png",
            "distmap_path": "distmaps/95_color.png",
            "near": 0.13782260361413054,
            "far": 1.435746986960223,
            "transform_matrix": [
                [
                    -0.109079,
                    -0.0337551,
                    -0.99346,
                    -0.2135243922583521
                ],
                [
                    0.833216,
                    -0.548126,
                    -0.0728612,
                    -0.05085377861917958
                ],
                [
                    -0.542082,
                    -0.835714,
                    0.0879145,
                    0.007838132591492268
                ],
                [
                    0.0,
                    0.0,
                    0.0,
                    1.0
                ]
            ]
        },
        {
            "file_path": "images/105_color.png",
            "distmap_path": "distmaps/105_color.png",
            "near": 0.13645432518407932,
            "far": 1.4413670364185602,
            "transform_matrix": [
                [
                    -0.112283,
                    -0.0305491,
                    -0.993206,
                    -0.21882751035253123
                ],
                [
                    0.833028,
                    -0.547801,
                    -0.0773257,
                    -0.051609323983608714
                ],
                [
                    -0.541717,
                    -0.836051,
                    0.0869572,
                    0.009163316259071373
                ],
                [
                    0.0,
                    0.0,
                    0.0,
                    1.0
                ]
            ]
        },
        {
            "file_path": "images/110_color.png",
            "distmap_path": "distmaps/110_color.png",
            "near": 0.13578778648004372,
            "far": 1.4437282407829675,
            "transform_matrix": [
                [
                    -0.114058,
                    -0.0285594,
                    -0.993063,
                    -0.22110010500547495
                ],
                [
                    0.832979,
                    -0.547501,
                    -0.0799264,
                    -0.05205383253397476
                ],
                [
                    -0.541421,
                    -0.836318,
                    0.0862364,
                    0.009803265566166688
                ],
                [
                    0.0,
                    0.0,
                    0.0,
                    1.0
                ]
            ]
        },
        {
            "file_path": "images/115_color.png",
            "distmap_path": "distmaps/115_color.png",
            "near": 0.13505805011065555,
            "far": 1.4476151206230055,
            "transform_matrix": [
                [
                    -0.11614,
                    -0.0262177,
                    -0.992887,
                    -0.22389705290818027
                ],
                [
                    0.832836,
                    -0.547266,
                    -0.0829675,
                    -0.05280818618647258
                ],
                [
                    -0.541198,
                    -0.836548,
                    0.0853943,
                    0.010531401556176491
                ],
                [
                    0.0,
                    0.0,
                    0.0,
                    1.0
                ]
            ]
        },
        {
            "file_path": "images/120_color.png",
            "distmap_path": "distmaps/120_color.png",
            "near": 0.13427830848365604,
            "far": 1.4494367869847227,
            "transform_matrix": [
                [
                    -0.118664,
                    -0.0238672,
                    -0.992647,
                    -0.22631265299287714
                ],
                [
                    0.832736,
                    -0.546887,
                    -0.0863987,
                    -0.05359352434918359
                ],
                [
                    -0.540804,
                    -0.836866,
                    0.084771,
                    0.011334615397856648
                ],
                [
                    0.0,
                    0.0,
                    0.0,
                    1.0
                ]
            ]
        },
        {
            "file_path": "images/130_color.png",
            "distmap_path": "distmaps/130_color.png",
            "near": 0.13289231112017594,
            "far": 1.4552265550608925,
            "transform_matrix": [
                [
                    -0.123451,
                    -0.0189624,
                    -0.992169,
                    -0.23118198794407174
                ],
                [
                    0.832504,
                    -0.546133,
                    -0.0931466,
                    -0.05449684199309097
                ],
                [
                    -0.540091,
                    -0.837484,
                    0.083207,
                    0.01319249429871629
                ],
                [
                    0.0,
                    0.0,
                    0.0,
                    1.0
                ]
            ]
        },
        {
            "file_path": "images/135_color.png",
            "distmap_path": "distmaps/135_color.png",
            "near": 0.13263671757446666,
            "far": 1.458940199201503,
            "transform_matrix": [
                [
                    -0.126415,
                    -0.0157457,
                    -0.991852,
                    -0.23455691613344595
                ],
                [
                    0.832315,
                    -0.545675,
                    -0.0974191,
                    -0.055238086814344826
                ],
                [
                    -0.539695,
                    -0.837849,
                    0.082087,
                    0.01410296221421131
                ],
                [
                    0.0,
                    0.0,
                    0.0,
                    1.0
                ]
            ]
        },
        {
            "file_path": "images/140_color.png",
            "distmap_path": "distmaps/140_color.png",
            "near": 0.13185707657842527,
            "far": 1.462456381356295,
            "transform_matrix": [
                [
                    -0.129938,
                    -0.0126049,
                    -0.991442,
                    -0.23747661036507264
                ],
                [
                    0.832125,
                    -0.545104,
                    -0.102128,
                    -0.056264150787173575
                ],
                [
                    -0.539152,
                    -0.838274,
                    0.0813188,
                    0.015606902671481853
                ],
                [
                    0.0,
                    0.0,
                    0.0,
                    1.0
                ]
            ]
        },
        {
            "file_path": "images/145_color.png",
            "distmap_path": "distmaps/145_color.png",
            "near": 0.13172713810432557,
            "far": 1.4666796821451655,
            "transform_matrix": [
                [
                    -0.132896,
                    -0.00953703,
                    -0.991084,
                    -0.24072521708973157
                ],
                [
                    0.831906,
                    -0.544638,
                    -0.10631,
                    -0.057352183780428806
                ],
                [
                    -0.538768,
                    -0.838617,
                    0.080314,
                    0.016631774932379377
                ],
                [
                    0.0,
                    0.0,
                    0.0,
                    1.0
                ]
            ]
        },
        {
            "file_path": "images/155_color.png",
            "distmap_path": "distmaps/155_color.png",
            "near": 0.13121169104250088,
            "far": 1.4736222413086115,
            "transform_matrix": [
                [
                    -0.139843,
                    -0.00275014,
                    -0.99017,
                    -0.24749771599517428
                ],
                [
                    0.831449,
                    -0.543375,
                    -0.115917,
                    -0.059469855882306646
                ],
                [
                    -0.537715,
                    -0.839486,
                    0.0782738,
                    0.019263074876637296
                ],
                [
                    0.0,
                    0.0,
                    0.0,
                    1.0
                ]
            ]
        },
        {
            "file_path": "images/160_color.png",
            "distmap_path": "distmaps/160_color.png",
            "near": 0.13136282636124763,
            "far": 1.4781211080474463,
            "transform_matrix": [
                [
                    -0.14266,
                    0.000219688,
                    -0.989772,
                    -0.2509501054600815
                ],
                [
                    0.831211,
                    -0.542869,
                    -0.119926,
                    -0.06060317392895027
                ],
                [
                    -0.537342,
                    -0.839818,
                    0.0772628,
                    0.02032489020740442
                ],
                [
                    0.0,
                    0.0,
                    0.0,
                    1.0
                ]
            ]
        },
        {
            "file_path": "images/165_color.png",
            "distmap_path": "distmaps/165_color.png",
            "near": 0.13144297984199793,
            "far": 1.4816511805260624,
            "transform_matrix": [
                [
                    -0.145336,
                    0.00295953,
                    -0.989378,
                    -0.25371726056450483
                ],
                [
                    0.830988,
                    -0.542364,
                    -0.123691,
                    -0.06091421074301335
                ],
                [
                    -0.536969,
                    -0.840138,
                    0.0763656,
                    0.021472508797223407
                ],
                [
                    0.0,
                    0.0,
                    0.0,
                    1.0
                ]
            ]
        },
        {
            "file_path": "images/170_color.png",
            "distmap_path": "distmaps/170_color.png",
            "near": 0.13183982094911176,
            "far": 1.4843891894644017,
            "transform_matrix": [
                [
                    -0.148121,
                    0.00575942,
                    -0.988952,
                    -0.2566214625410249
                ],
                [
                    0.830755,
                    -0.541819,
                    -0.127583,
                    -0.061712657736968414
                ],
                [
                    -0.536568,
                    -0.840475,
                    0.0754704,
                    0.022307898861047986
                ],
                [
                    0.0,
                    0.0,
                    0.0,
                    1.0
                ]
            ]
        },
        {
            "file_path": "images/180_color.png",
            "distmap_path": "distmaps/180_color.png",
            "near": 0.13244676612377723,
            "far": 1.4919951607813613,
            "transform_matrix": [
                [
                    -0.152664,
                    0.0102516,
                    -0.988225,
                    -0.26183401052842714
                ],
                [
                    0.830381,
                    -0.540871,
                    -0.133891,
                    -0.06390898282631047
                ],
                [
                    -0.535875,
                    -0.841043,
                    0.0740588,
                    0.024085933062512097
                ],
                [
                    0.0,
                    0.0,
                    0.0,
                    1.0
                ]
            ]
        },
        {
            "file_path": "images/185_color.png",
            "distmap_path": "distmaps/185_color.png",
            "near": 0.13320019548381135,
            "far": 1.4936414709862031,
            "transform_matrix": [
                [
                    -0.154409,
                    0.0121841,
                    -0.987932,
                    -0.2639373820871296
                ],
                [
                    0.830126,
                    -0.540631,
                    -0.136412,
                    -0.06370877522185611
                ],
                [
                    -0.535769,
                    -0.841172,
                    0.0733639,
                    0.02445417204927648
                ],
                [
                    0.0,
                    0.0,
                    0.0,
                    1.0
                ]
            ]
        },
        {
            "file_path": "images/190_color.png",
            "distmap_path": "distmaps/190_color.png",
            "near": 0.1332396634614484,
            "far": 1.4965379260120832,
            "transform_matrix": [
                [
                    -0.155993,
                    0.0136732,
                    -0.987663,
                    -0.2654723070546134
                ],
                [
                    0.829989,
                    -0.540294,
                    -0.13857,
                    -0.06442856922834696
                ],
                [
                    -0.535523,
                    -0.841365,
                    0.0729336,
                    0.02528122012958219
                ],
                [
                    0.0,
                    0.0,
                    0.0,
                    1.0
                ]
            ]
        },
        {
            "file_path": "images/195_color.png",
            "distmap_path": "distmaps/195_color.png",
            "near": 0.13317811251271808,
            "far": 1.497896022529167,
            "transform_matrix": [
                [
                    -0.157617,
                    0.0150545,
                    -0.987385,
                    -0.26664256817112664
                ],
                [
                    0.829871,
                    -0.539923,
                    -0.140705,
                    -0.06496364788548996
                ],
                [
                    -0.535231,
                    -0.84158,
                    0.0726077,
                    0.026059408020705475
                ],
                [
                    0.0,
                    0.0,
                    0.0,
                    1.0
                ]
            ]
        },
        {
            "file_path": "images/205_color.png",
            "distmap_path": "distmaps/205_color.png",
            "near": 0.1340097469543158,
            "far": 1.50162247693145,
            "transform_matrix": [
                [
                    -0.159729,
                    0.0174225,
                    -0.987007,
                    -0.2695193607732274
                ],
                [
                    0.829598,
                    -0.539533,
                    -0.143779,
                    -0.06575494460785739
                ],
                [
                    -0.535028,
                    -0.841784,
                    0.0717253,
                    0.02677086004367745
                ],
                [
                    0.0,
                    0.0,
                    0.0,
                    1.0
                ]
            ]
        },
        {
            "file_path": "images/210_color.png",
            "distmap_path": "distmaps/210_color.png",
            "near": 0.1343951637169018,
            "far": 1.5020593212894886,
            "transform_matrix": [
                [
                    -0.160575,
                    0.0183116,
                    -0.986854,
                    -0.27053946618639985
                ],
                [
                    0.829526,
                    -0.53932,
                    -0.144983,
                    -0.06571204297833137
                ],
                [
                    -0.534885,
                    -0.841902,
                    0.0714112,
                    0.026980601343581996
                ],
                [
                    0.0,
                    0.0,
                    0.0,
                    1.0
                ]
            ]
        },
        {
            "file_path": "images/215_color.png",
            "distmap_path": "distmaps/215_color.png",
            "near": 0.13417652391039545,
            "far": 1.503005091945165,
            "transform_matrix": [
                [
                    -0.161255,
                    0.0188287,
                    -0.986733,
                    -0.2710638194361613
                ],
                [
                    0.829457,
                    -0.539195,
                    -0.145842,
                    -0.06625188848319954
                ],
                [
                    -0.534788,
                    -0.84197,
                    0.0713305,
                    0.02757169046149506
                ],
                [
                    0.0,
                    0.0,
                    0.0,
                    1.0
                ]
            ]
        },
        {
            "file_path": "images/220_color.png",
            "distmap_path": "distmaps/220_color.png",
            "near": 0.13435119600621623,
            "far": 1.5041824825093646,
            "transform_matrix": [
                [
                    -0.161578,
                    0.0192454,
                    -0.986672,
                    -0.27135102201159894
                ],
                [
                    0.829461,
                    -0.539052,
                    -0.146348,
                    -0.06638059337177733
                ],
                [
                    -0.534685,
                    -0.842052,
                    0.071136,
                    0.027508529729137355
                ],
                [
                    0.0,
                    0.0,
                    0.0,
                    1.0
                ]
            ]
        },
        {
            "file_path": "images/230_color.png",
            "distmap_path": "distmaps/230_color.png",
            "near": 0.1347328984465389,
            "far": 1.5039536035200523,
            "transform_matrix": [
                [
                    -0.161722,
                    0.019476,
                    -0.986644,
                    -0.27196117852041235
                ],
                [
                    0.829415,
                    -0.539056,
                    -0.146591,
                    -0.06637701823598355
                ],
                [
                    -0.534712,
                    -0.842045,
                    0.0710237,
                    0.027434643589398233
                ],
                [
                    0.0,
                    0.0,
                    0.0,
                    1.0
                ]
            ]
        },
        {
            "file_path": "images/235_color.png",
            "distmap_path": "distmaps/235_color.png",
            "near": 0.13451007679571156,
            "far": 1.5045106907687966,
            "transform_matrix": [
                [
                    -0.161559,
                    0.0192578,
                    -0.986675,
                    -0.2718265150721781
                ],
                [
                    0.829453,
                    -0.539067,
                    -0.146337,
                    -0.06657484241657537
                ],
                [
                    -0.534702,
                    -0.842043,
                    0.0711175,
                    0.02762055065067731
                ],
                [
                    0.0,
                    0.0,
                    0.0,
                    1.0
                ]
            ]
        },
        {
            "file_path": "images/240_color.png",
            "distmap_path": "distmaps/240_color.png",
            "near": 0.13424831597086012,
            "far": 1.5036840393273656,
            "transform_matrix": [
                [
                    -0.160987,
                    0.0187026,
                    -0.986779,
                    -0.27105071060491737
                ],
                [
                    0.829525,
                    -0.539169,
                    -0.145551,
                    -0.06649618942911115
                ],
                [
                    -0.534763,
                    -0.84199,
                    0.0712848,
                    0.02741319277463531
                ],
                [
                    0.0,
                    0.0,
                    0.0,
                    1.0
                ]
            ]
        },
        {
            "file_path": "images/245_color.png",
            "distmap_path": "distmaps/245_color.png",
            "near": 0.13406206209384888,
            "far": 1.502762897136078,
            "transform_matrix": [
                [
                    -0.160075,
                    0.0179269,
                    -0.986942,
                    -0.27015573494452894
                ],
                [
                    0.829665,
                    -0.539273,
                    -0.144361,
                    -0.06621971226105504
                ],
                [
                    -0.534819,
                    -0.84194,
                    0.0714509,
                    0.027077130010015358
                ],
                [
                    0.0,
                    0.0,
                    0.0,
                    1.0
                ]
            ]
        },
        {
            "file_path": "images/255_color.png",
            "distmap_path": "distmaps/255_color.png",
            "near": 0.13340081573185897,
            "far": 1.498225309455264,
            "transform_matrix": [
                [
                    -0.157626,
                    0.0159926,
                    -0.987369,
                    -0.2676876995348558
                ],
                [
                    0.829898,
                    -0.539744,
                    -0.14123,
                    -0.06464188566404537
                ],
                [
                    -0.535185,
                    -0.841677,
                    0.0718057,
                    0.026509875130727934
                ],
                [
                    0.0,
                    0.0,
                    0.0,
                    1.0
                ]
            ]
        },
        {
            "file_path": "images/260_color.png",
            "distmap_path": "distmaps/260_color.png",
            "near": 0.13277497053983595,
            "far": 1.4965997665200026,
            "transform_matrix": [
                [
                    -0.155988,
                    0.0144289,
                    -0.987654,
                    -0.2658143283788897
                ],
                [
                    0.83014,
                    -0.539951,
                    -0.138999,
                    -0.06417950143471017
                ],
                [
                    -0.53529,
                    -0.841573,
                    0.072248,
                    0.02615593668713892
                ],
                [
                    0.0,
                    0.0,
                    0.0,
                    1.0
                ]
            ]
        },
        {
            "file_path": "images/265_color.png",
            "distmap_path": "distmaps/265_color.png",
            "near": 0.1323310562394691,
            "far": 1.4938790535030493,
            "transform_matrix": [
                [
                    -0.154243,
                    0.0128446,
                    -0.987949,
                    -0.26392188983202297
