{
    "camera_model": "FISHEYE_OPENCV",
    "fx": 767.3861511125845,
    "fy": 767.5058656118406,
    "cx": 679.054265997005,
    "cy": 543.646891684636,
    "k1": -0.18867185058223412,
    "k2": -0.003927337093919806,
    "k3": 0.030524814153620117,
    "k4": -0.012756926010904904,
    "p1": 0,
    "p2": 0,
    "w": 1350,
    "h": 1080,
    "camera_angle_x": 1.4428692492187012,
    "camera_angle_y": 1.2262461230200543,
    "scene_scale": 0.016876036703799446,
    "dist_ftype": "png",
    "distmap": "dense",
    "rgb_mask": "rgb_mask.png",
    "scene_T": [
        [
            1.0,
            0.0,
            0.0,
            -52.93597123681555
        ],
        [
            0.0,
            1.0,
            0.0,
            -52.80588778986316
        ],
        [
            0.0,
            0.0,
            1.0,
            43.525113803934225
        ],
        [
            0.0,
            0.0,
            0.0,
            1.0
        ]
    ],
    "distmap_scale": 3.141592653589793,
    "frames": [
        {
            "file_path": "images/0_color.png",
            "distmap_path": "distmaps/0_color.png",
            "near": 0.22371983957183952,
            "far": 1.842465037437677,
            "transform_matrix": [
                [
                    0.638451,
                    -0.715399,
                    0.283874,
                    -0.051704315844544206
                ],
                [
                    -0.712365,
                    -0.688903,
                    -0.133969,
                    0.011145140697906631
                ],
                [
                    0.291403,
                    -0.116689,
                    -0.949457,
                    -1.054024703849831
                ],
                [
                    0.0,
                    0.0,
                    0.0,
                    1.0
                ]
            ]
        },
        {
            "file_path": "images/5_color.png",
            "distmap_path": "distmaps/5_color.png",
            "near": 0.22355115564414643,
            "far": 1.8413110114526947,
            "transform_matrix": [
                [
                    0.639057,
                    -0.715762,
                    0.281586,
                    -0.0518933274556268
                ],
                [
                    -0.712454,
                    -0.688811,
                    -0.133977,
                    0.010704676139937473
                ],
                [
                    0.289855,
                    -0.114998,
                    -0.950137,
                    -1.0527758771337499
                ],
                [
                    0.0,
                    0.0,
                    0.0,
                    1.0
                ]
            ]
        },
        {
            "file_path": "images/10_color.png",
            "distmap_path": "distmaps/10_color.png",
            "near": 0.22416172669800688,
            "far": 1.839216317413037,
            "transform_matrix": [
                [
                    0.639818,
                    -0.716227,
                    0.278658,
                    -0.05120647276178215
                ],
                [
                    -0.712595,
                    -0.688676,
                    -0.133919,
                    0.01003300987912626
                ],
                [
                    0.287822,
                    -0.112887,
                    -0.951008,
                    -1.0506157444356636
                ],
                [
                    0.0,
                    0.0,
                    0.0,
                    1.0
                ]
            ]
        },
        {
            "file_path": "images/15_color.png",
            "distmap_path": "distmaps/15_color.png",
            "near": 0.2235628027942616,
            "far": 1.8387598515223842,
            "transform_matrix": [
                [
                    0.640543,
                    -0.716569,
                    0.276102,
                    -0.05186295058955991
                ],
                [
                    -0.712638,
                    -0.688631,
                    -0.133923,
                    0.009049136939294829
                ],
                [
                    0.286098,
                    -0.110977,
                    -0.951752,
                    -1.0498563227839925
                ],
                [
                    0.0,
                    0.0,
                    0.0,
                    1.0
                ]
            ]
        },
        {
            "file_path": "images/20_color.png",
            "distmap_path": "distmaps/20_color.png",
            "near": 0.223437447355711,
            "far": 1.8369700634359711,
            "transform_matrix": [
                [
                    0.641368,
                    -0.717019,
                    0.273003,
                    -0.051646937319751306
                ],
                [
                    -0.712761,
                    -0.688519,
                    -0.133841,
                    0.008012948285681559
                ],
                [
                    0.283934,
                    -0.108745,
                    -0.952657,
                    -1.0478311983795365
                ],
                [
                    0.0,
                    0.0,
                    0.0,
                    1.0
                ]
            ]
        },
        {
            "file_path": "images/30_color.png",
            "distmap_path": "distmaps/30_color.png",
            "near": 0.2235600672288615,
            "far": 1.8344981459596506,
            "transform_matrix": [
                [
                    0.643175,
                    -0.718103,
                    0.26581,
                    -0.05106640165714064
                ],
                [
                    -0.713054,
                    -0.688209,
                    -0.13388,
                    0.00668480419709246
                ],
                [
                    0.279072,
                    -0.103428,
                    -0.954684,
                    -1.0450804043968172
                ],
                [
                    0.0,
                    0.0,
                    0.0,
                    1.0
                ]
            ]
        },
        {
            "file_path": "images/35_color.png",
            "distmap_path": "distmaps/35_color.png",
            "near": 0.2236809022430939,
            "far": 1.832252615158073,
            "transform_matrix": [
                [
                    0.644273,
                    -0.718742,
                    0.261384,
                    -0.05050274203123373
                ],
                [
                    -0.71325,
                    -0.688016,
                    -0.133821,
                    0.005628364299434679
                ],
                [
                    0.276019,
                    -0.100215,
                    -0.955913,
                    -1.0425996270013589
                ],
                [
                    0.0,
                    0.0,
                    0.0,
                    1.0
                ]
            ]
        },
        {
            "file_path": "images/40_color.png",
            "distmap_path": "distmaps/40_color.png",
            "near": 0.22341095948736092,
            "far": 1.8308380199137009,
            "transform_matrix": [
                [
                    0.645307,
                    -0.719302,
                    0.257263,
                    -0.050585434611082336
                ],
                [
                    -0.713382,
                    -0.687872,
                    -0.133859,
                    0.004717058317429474
                ],
                [
                    0.273249,
                    -0.0971467,
                    -0.957025,
                    -1.0410132795512017
                ],
                [
                    0.0,
                    0.0,
                    0.0,
                    1.0
                ]
            ]
        },
        {
            "file_path": "images/45_color.png",
            "distmap_path": "distmaps/45_color.png",
            "near": 0.223739669962844,
            "far": 1.828523816158245,
            "transform_matrix": [
                [
                    0.646375,
                    -0.71992,
                    0.252812,
                    -0.049799011300685196
                ],
                [
                    -0.713581,
                    -0.687674,
                    -0.133813,
                    0.003734872981268357
                ],
                [
                    0.270187,
                    -0.0939085,
                    -0.958217,
                    -1.0384987500823355
                ],
                [
                    0.0,
                    0.0,
                    0.0,
                    1.0
                ]
            ]
        },
        {
            "file_path": "images/55_color.png",
            "distmap_path": "distmaps/55_color.png",
            "near": 0.22309388980692288,
            "far": 1.8233893482612538,
            "transform_matrix": [
                [
                    0.649031,
                    -0.721283,
                    0.241888,
                    -0.04964037655566949
                ],
                [
                    -0.713976,
                    -0.687289,
                    -0.133687,
                    0.000629682227769301
                ],
                [
                    0.262673,
                    -0.0859352,
                    -0.96105,
                    -1.0326427653461172
                ],
                [
                    0.0,
                    0.0,
                    0.0,
                    1.0
                ]
            ]
        },
        {
            "file_path": "images/60_color.png",
            "distmap_path": "distmaps/60_color.png",
            "near": 0.22262811159425347,
            "far": 1.8219441815790245,
            "transform_matrix": [
                [
                    0.650183,
                    -0.721839,
                    0.23709,
                    -0.049537432731776375
                ],
                [
                    -0.714111,
                    -0.687143,
                    -0.13372,
                    -0.0007001494644901138
                ],
                [
                    0.259439,
                    -0.0823661,
                    -0.962241,
                    -1.0308370294188107
                ],
                [
                    0.0,
                    0.0,
                    0.0,
                    1.0
                ]
            ]
        },
        {
            "file_path": "images/65_color.png",
            "distmap_path": "distmaps/65_color.png",
            "near": 0.22169807169384445,
            "far": 1.8205191566311856,
            "transform_matrix": [
                [
                    0.651541,
                    -0.722559,
                    0.23109,
                    -0.05004708904023113
                ],
                [
                    -0.714369,
                    -0.686893,
                    -0.133625,
                    -0.00230843576236223
                ],
                [
                    0.255286,
                    -0.0780215,
                    -0.963713,
                    -1.0289300372712813
                ],
                [
                    0.0,
                    0.0,
                    0.0,
                    1.0
                ]
            ]
        },
        {
            "file_path": "images/70_color.png",
            "distmap_path": "distmaps/70_color.png",
            "near": 0.22174676440208882,
            "far": 1.8177303836194927,
            "transform_matrix": [
                [
                    0.652999,
                    -0.723323,
                    0.224492,
                    -0.048742571403027415
                ],
                [
                    -0.714627,
                    -0.686623,
                    -0.133631,
                    -0.0036703319243588488
                ],
                [
                    0.2508,
                    -0.0731677,
                    -0.96527,
                    -1.0258754746278933
                ],
                [
                    0.0,
                    0.0,
                    0.0,
                    1.0
                ]
            ]
        },
        {
            "file_path": "images/80_color.png",
            "distmap_path": "distmaps/80_color.png",
            "near": 0.2207620835075966,
            "far": 1.812931207832148,
            "transform_matrix": [
                [
                    0.655758,
                    -0.724683,
                    0.211698,
                    -0.0478937067568263
                ],
                [
                    -0.715124,
                    -0.686121,
                    -0.133551,
                    -0.0067890235072210325
                ],
                [
                    0.242033,
                    -0.0638127,
                    -0.968167,
                    -1.020289506478936
                ],
                [
                    0.0,
                    0.0,
                    0.0,
                    1.0
                ]
            ]
        },
        {
            "file_path": "images/85_color.png",
            "distmap_path": "distmaps/85_color.png",
            "near": 0.21959806763354148,
            "far": 1.811026235823457,
            "transform_matrix": [
                [
                    0.657352,
                    -0.725384,
                    0.204223,
                    -0.04849618126715192
                ],
                [
                    -0.715394,
                    -0.685863,
                    -0.133427,
                    -0.009161794267775221
                ],
                [
                    0.236855,
                    -0.0583916,
                    -0.969789,
                    -1.017656844753143
                ],
                [
                    0.0,
                    0.0,
                    0.0,
                    1.0
                ]
            ]
        },
        {
            "file_path": "images/90_color.png",
            "distmap_path": "distmaps/90_color.png",
            "near": 0.22000575222377858,
            "far": 1.8083829517770815,
            "transform_matrix": [
                [
                    0.658793,
                    -0.726071,
                    0.197009,
                    -0.046933460268380134
                ],
                [
                    -0.715663,
                    -0.68557,
                    -0.133493,
                    -0.010500063978386456
                ],
                [
                    0.231988,
                    -0.0530477,
                    -0.971271,
                    -1.0147204143666821
                ],
                [
                    0.0,
                    0.0,
                    0.0,
                    1.0
                ]
            ]
        },
        {
            "file_path": "images/95_color.png",
            "distmap_path": "distmaps/95_color.png",
            "near": 0.2195462066461253,
            "far": 1.806045369850951,
            "transform_matrix": [
                [
                    0.660432,
                    -0.726731,
                    0.188923,
                    -0.04658243870494108
                ],
                [
                    -0.715924,
                    -0.685304,
                    -0.133458,
                    -0.012837395061862688
                ],
                [
                    0.226458,
                    -0.0471145,
                    -0.972881,
                    -1.0117333558701096
                ],
                [
                    0.0,
                    0.0,
                    0.0,
                    1.0
                ]
            ]
        },
        {
            "file_path": "images/105_color.png",
            "distmap_path": "distmaps/105_color.png",
            "near": 0.21878430806079446,
            "far": 1.801331570812647,
            "transform_matrix": [
                [
                    0.663408,
                    -0.727967,
                    0.173074,
                    -0.04581964184592933
                ],
                [
                    -0.716536,
                    -0.684689,
                    -0.133328,
                    -0.016833640553322437
                ],
                [
                    0.21556,
                    -0.0355634,
                    -0.975843,
                    -1.005894247170595
                ],
                [
                    0.0,
                    0.0,
                    0.0,
                    1.0
                ]
            ]
        },
        {
            "file_path": "images/110_color.png",
            "distmap_path": "distmaps/110_color.png",
            "near": 0.21910362543630038,
            "far": 1.7987268943861079,
            "transform_matrix": [
                [
                    0.665062,
                    -0.728572,
                    0.163934,
                    -0.04470582342347852
                ],
                [
                    -0.716852,
                    -0.684361,
                    -0.133318,
                    -0.019192910484513617
                ],
                [
                    0.209321,
                    -0.0288516,
                    -0.977421,
                    -1.0025865439766501
                ],
                [
                    0.0,
                    0.0,
                    0.0,
                    1.0
                ]
            ]
        },
        {
            "file_path": "images/115_color.png",
            "distmap_path": "distmaps/115_color.png",
            "near": 0.21987208620880336,
            "far": 1.797039405744543,
            "transform_matrix": [
                [
                    0.666656,
                    -0.729185,
                    0.154467,
                    -0.043505937213838476
                ],
                [
                    -0.717245,
                    -0.683965,
                    -0.133237,
                    -0.021493114287241457
                ],
                [
                    0.202804,
                    -0.0219676,
                    -0.978973,
                    -1.000240774874822
                ],
                [
                    0.0,
                    0.0,
                    0.0,
                    1.0
                ]
            ]
        },
        {
            "file_path": "images/120_color.png",
            "distmap_path": "distmaps/120_color.png",
            "near": 0.21996466307918075,
            "far": 1.7949056540507686,
            "transform_matrix": [
                [
                    0.66798,
                    -0.729611,
                    0.146525,
                    -0.04302328256410974
                ],
                [
                    -0.717533,
                    -0.683671,
                    -0.133191,
                    -0.023541865143082732
                ],
                [
                    0.197353,
                    -0.0161674,
                    -0.980199,
                    -0.9974731048553991
                ],
                [
                    0.0,
                    0.0,
                    0.0,
                    1.0
                ]
            ]
        },
        {
            "file_path": "images/130_color.png",
            "distmap_path": "distmaps/130_color.png",
            "near": 0.22127144563583606,
            "far": 1.7910746257976804,
            "transform_matrix": [
                [
                    0.67088,
                    -0.730406,
                    0.128168,
                    -0.041367743363467095
                ],
                [
                    -0.718181,
                    -0.683008,
                    -0.133105,
                    -0.02848823150096627
                ],
                [
                    0.18476,
                    -0.00275096,
                    -0.98278,
                    -0.9921234012202945
                ],
                [
                    0.0,
                    0.0,
                    0.0,
                    1.0
                ]
            ]
        },
        {
            "file_path": "images/135_color.png",
            "distmap_path": "distmaps/135_color.png",
            "near": 0.22219367393877834,
            "far": 1.7899333445352348,
            "transform_matrix": [
                [
                    0.672012,
                    -0.730709,
                    0.120272,
                    -0.04052394152827705
                ],
                [
                    -0.718488,
                    -0.682683,
                    -0.133115,
                    -0.030202836830072376
                ],
                [
                    0.179376,
                    0.00304137,
                    -0.983776,
                    -0.9904357975499146
                ],
                [
                    0.0,
                    0.0,
                    0.0,
                    1.0
                ]
            ]
        },
        {
            "file_path": "images/140_color.png",
            "distmap_path": "distmaps/140_color.png",
            "near": 0.22337235702505878,
            "far": 1.7880388322115814,
            "transform_matrix": [
                [
                    0.67311,
                    -0.730933,
                    0.11252,
                    -0.03942531153885969
                ],
                [
                    -0.718786,
                    -0.682395,
                    -0.132981,
                    -0.03246085054104075
                ],
                [
                    0.173984,
                    0.00863281,
                    -0.984711,
                    -0.9877862597874182
                ],
                [
                    0.0,
                    0.0,
                    0.0,
                    1.0
                ]
            ]
        },
        {
            "file_path": "images/145_color.png",
            "distmap_path": "distmaps/145_color.png",
            "near": 0.2244071879559368,
            "far": 1.7861567707621002,
            "transform_matrix": [
                [
                    0.674243,
                    -0.731095,
                    0.104382,
                    -0.038846463479919456
                ],
                [
                    -0.719053,
                    -0.682119,
                    -0.132953,
                    -0.03475092872174634
                ],
                [
                    0.168402,
                    0.0145862,
                    -0.98561,
                    -0.9852379782451446
                ],
                [
                    0.0,
                    0.0,
                    0.0,
                    1.0
                ]
            ]
        },
        {
            "file_path": "images/155_color.png",
            "distmap_path": "distmaps/155_color.png",
            "near": 0.22751762600029338,
            "far": 1.7852145569775368,
            "transform_matrix": [
                [
                    0.676046,
                    -0.731326,
                    0.0901318,
                    -0.0371284829434726
                ],
                [
                    -0.71959,
                    -0.681571,
                    -0.132856,
                    -0.03859360227920145
                ],
                [
                    0.158592,
                    0.0249587,
                    -0.987029,
                    -0.9829765893268354
                ],
                [
                    0.0,
                    0.0,
                    0.0,
                    1.0
                ]
            ]
        },
        {
            "file_path": "images/160_color.png",
            "distmap_path": "distmaps/160_color.png",
            "near": 0.22892815210374415,
            "far": 1.783763073085702,
            "transform_matrix": [
                [
                    0.676865,
                    -0.731362,
                    0.0834472,
                    -0.03654119686618043
                ],
                [
                    -0.719819,
                    -0.681337,
                    -0.132819,
                    -0.040417901846882175
                ],
                [
                    0.153995,
                    0.0298339,
                    -0.987621,
                    -0.9809345888856755
                ],
                [
                    0.0,
                    0.0,
                    0.0,
                    1.0
                ]
            ]
        },
        {
            "file_path": "images/165_color.png",
            "distmap_path": "distmaps/165_color.png",
            "near": 0.2299873777071529,
            "far": 1.7839913927179072,
            "transform_matrix": [
                [
                    0.677662,
                    -0.731353,
                    0.0767834,
                    -0.03640450096887967
                ],
                [
                    -0.720027,
                    -0.681114,
                    -0.132834,
                    -0.042380584915533974
                ],
                [
                    0.149447,
                    0.0347303,
                    -0.98816,
                    -0.9804451838212654
                ],
                [
                    0.0,
                    0.0,
                    0.0,
                    1.0
                ]
            ]
        },
        {
            "file_path": "images/170_color.png",
            "distmap_path": "distmaps/170_color.png",
            "near": 0.23163889584679437,
            "far": 1.7827309440363166,
            "transform_matrix": [
                [
                    0.678277,
                    -0.731381,
                    0.0708675,
                    -0.03560626443278996
                ],
                [
                    -0.720284,
                    -0.680852,
                    -0.132783,
                    -0.04361422319858178
                ],
                [
                    0.145365,
                    0.0390189,
                    -0.988608,
                    -0.978791332224293
                ],
                [
                    0.0,
                    0.0,
                    0.0,
                    1.0
                ]
            ]
        },
        {
            "file_path": "images/180_color.png",
            "distmap_path": "distmaps/180_color.png",
            "near": 0.23510025879208887,
            "far": 1.7819070443143088,
            "transform_matrix": [
                [
                    0.679534,
                    -0.731243,
                    0.0592995,
                    -0.03394059961012494
                ],
                [
                    -0.72066,
                    -0.680464,
                    -0.132734,
                    -0.047099124777916335
                ],
                [
                    0.137412,
                    0.0474622,
                    -0.989376,
                    -0.9767324557464295
                ],
                [
                    0.0,
                    0.0,
                    0.0,
                    1.0
                ]
            ]
        },
        {
            "file_path": "images/185_color.png",
            "distmap_path": "distmaps/185_color.png",
            "near": 0.23606716633125502,
            "far": 1.782045531632631,
            "transform_matrix": [
                [
                    0.680047,
                    -0.73118,
                    0.0539651,
                    -0.03379546569447224
                ],
                [
                    -0.720867,
                    -0.68025,
                    -0.132705,
                    -0.04847789697661672
                ],
                [
                    0.133741,
                    0.051344,
                    -0.989685,
                    -0.9763949350123536
                ],
                [
                    0.0,
                    0.0,
                    0.0,
                    1.0
                ]
            ]
        },
        {
            "file_path": "images/190_color.png",
            "distmap_path": "distmaps/190_color.png",
            "near": 0.23800102457510247,
            "far": 1.7809797944511976,
            "transform_matrix": [
                [
                    0.680489,
                    -0.73111,
                    0.0491252,
                    -0.032737338193144026
                ],
                [
                    -0.721057,
                    -0.680049,
                    -0.132704,
                    -0.04950733521554848
                ],
                [
                    0.130429,
                    0.0548816,
                    -0.989938,
                    -0.9749773479292344
                ],
                [
                    0.0,
                    0.0,
                    0.0,
                    1.0
                ]
            ]
        },
        {
            "file_path": "images/195_color.png",
            "distmap_path": "distmaps/195_color.png",
            "near": 0.23892188889811783,
            "far": 1.7809429173516693,
            "transform_matrix": [
                [
                    0.680932,
                    -0.731013,
                    0.044182,
                    -0.032663083631647244
                ],
                [
                    -0.721248,
                    -0.679854,
                    -0.132667,
                    -0.05077303796833348
                ],
                [
                    0.127019,
                    0.0584712,
                    -0.990175,
                    -0.9744879428648243
                ],
                [
                    0.0,
                    0.0,
                    0.0,
                    1.0
                ]
            ]
        },
        {
            "file_path": "images/205_color.png",
            "distmap_path": "distmaps/205_color.png",
            "near": 0.2416859618032586,
            "far": 1.7802997478476836,
            "transform_matrix": [
                [
                    0.681686,
                    -0.730763,
                    0.0359089,
                    -0.03170114953953076
                ],
                [
                    -0.721517,
                    -0.679577,
                    -0.132618,
                    -0.05333819554731102
                ],
                [
                    0.121316,
                    0.0644951,
                    -0.990517,
                    -0.9729353474880748
                ],
                [
                    0.0,
                    0.0,
                    0.0,
                    1.0
                ]
            ]
        },
        {
            "file_path": "images/210_color.png",
            "distmap_path": "distmaps/210_color.png",
            "near": 0.24352773017521268,
            "far": 1.7797452490003591,
            "transform_matrix": [
                [
                    0.681957,
                    -0.730677,
                    0.0323536,
                    -0.030832033649285013
                ],
                [
                    -0.721671,
                    -0.679422,
                    -0.132581,
                    -0.054124618857708036
                ],
                [
                    0.118856,
                    0.0670661,
                    -0.990644,
                    -0.9720915456528846
                ],
                [
                    0.0,
                    0.0,
                    0.0,
                    1.0
                ]
            ]
        },
        {
            "file_path": "images/215_color.png",
            "distmap_path": "distmaps/215_color.png",
            "near": 0.24444391272734223,
            "far": 1.7799133720578655,
            "transform_matrix": [
                [
                    0.682218,
                    -0.730568,
                    0.0291386,
                    -0.030751028673106844
                ],
                [
                    -0.721789,
                    -0.679306,
                    -0.132528,
                    -0.05515236949296949
                ],
                [
                    0.116614,
                    0.0693808,
                    -0.990751,
                    -0.9719059092491429
                ],
                [
                    0.0,
                    0.0,
                    0.0,
                    1.0
                ]
            ]
        },
        {
            "file_path": "images/220_color.png",
            "distmap_path": "distmaps/220_color.png",
            "near": 0.2460436139255424,
            "far": 1.779658539369252,
            "transform_matrix": [
                [
                    0.682511,
                    -0.73042,
                    0.0257927,
                    -0.030202557480233382
                ],
                [
                    -0.721876,
                    -0.679208,
                    -0.132561,
                    -0.05614299284748243
                ],
                [
                    0.114344,
                    0.0718552,
                    -0.990839,
                    -0.9712646198543986
                ],
                [
                    0.0,
                    0.0,
                    0.0,
                    1.0
                ]
            ]
        },
        {
            "file_path": "images/230_color.png",
            "distmap_path": "distmaps/230_color.png",
            "near": 0.24740364083092636,
            "far": 1.7800968237188963,
            "transform_matrix": [
                [
                    0.682828,
                    -0.730279,
                    0.0209341,
                    -0.030138428540758853
                ],
                [
                    -0.7221,
                    -0.67898,
                    -0.132507,
                    -0.057223059196525594
                ],
                [
                    0.110981,
                    0.0753628,
                    -0.990961,
                    -0.9712983719278061
                ],
                [
                    0.0,
                    0.0,
                    0.0,
                    1.0
                ]
            ]
        },
        {
            "file_path": "images/235_color.png",
            "distmap_path": "distmaps/235_color.png",
            "near": 0.24855106625253046,
            "far": 1.7800829774821276,
            "transform_matrix": [
                [
                    0.683022,
                    -0.73016,
                    0.0186121,
                    -0.02989541361222423
                ],
                [
                    -0.722157,
                    -0.678914,
                    -0.132536,
                    -0.05796729241516315
                ],
                [
                    0.109409,
                    0.0770844,
                    -0.991003,
                    -0.9710283553405452
                ],
                [
                    0.0,
                    0.0,
                    0.0,
                    1.0
                ]
            ]
        },
        {
            "file_path": "images/240_color.png",
            "distmap_path": "distmaps/240_color.png",
            "near": 0.2493800176707357,
            "far": 1.7800406427385682,
            "transform_matrix": [
                [
                    0.683185,
                    -0.730054,
                    0.0167196,
                    -0.02978909458099024
                ],
                [
                    -0.722193,
                    -0.678866,
                    -0.132585,
                    -0.05855289088878501
                ],
                [
                    0.108144,
                    0.078505,
                    -0.991031,
                    -0.9707752147899884
                ],
                [
                    0.0,
                    0.0,
                    0.0,
                    1.0
                ]
            ]
        },
        {
            "file_path": "images/245_color.png",
            "distmap_path": "distmaps/245_color.png",
            "near": 0.25030110358511015,
            "far": 1.779953508195737,
            "transform_matrix": [
                [
                    0.683271,
                    -0.730005,
                    0.0153124,
                    -0.029574768914851945
                ],
                [
                    -0.722261,
                    -0.678803,
                    -0.132538,
                    -0.05892753890360932
                ],
                [
                    0.107147,
                    0.0794995,
                    -0.99106,
                    -0.9705220742394315
                ],
                [
                    0.0,
                    0.0,
                    0.0,
                    1.0
                ]
            ]
        },
        {
            "file_path": "images/255_color.png",
            "distmap_path": "distmaps/255_color.png",
            "near": 0.2511761078598823,
            "far": 1.7802660868819744,
            "transform_matrix": [
                [
                    0.683407,
                    -0.729918,
                    0.0131885,
                    -0.029399258133132482
                ],
                [
                    -0.722346,
                    -0.678712,
                    -0.132537,
                    -0.059420319175360316
                ],
                [
                    0.105693,
                    0.0810503,
                    -0.99109,
                    -0.9706570825330617
                ],
                [
                    0.0,
                    0.0,
                    0.0,
                    1.0
                ]
            ]
        },
        {
            "file_path": "images/260_color.png",
            "distmap_path": "distmaps/260_color.png",
            "near": 0.2521432466308237,
            "far": 1.779829911384247,
            "transform_matrix": [
                [
                    0.683456,
                    -0.729886,
                    0.0124492,
                    -0.029166368826619993
                ],
                [
                    -0.722377,
                    -0.678684,
                    -0.132513,
                    -0.059651520878202365
                ],
                [
                    0.105168,
                    0.0815736,
                    -0.991103,
                    -0.9701676774686516
                ],
                [
                    0.0,
                    0.0,
                    0.0,
                    1.0
                ]
            ]
        },
        {
            "file_path": "images/265_color.png",
            "distmap_path": "distmaps/265_color.png",
            "near": 0.2520971937742568,
            "far": 1.779849239891849,
            "transform_matrix": [
                [
                    0.683558,
                    -0.729796,
                    0.012095,
                    -0.029498826749684844
                ],
                [
                    -0.722319,
                    -0.67875,
