{
    "camera_model": "FISHEYE_OPENCV",
    "fx": 767.3861511125845,
    "fy": 767.5058656118406,
    "cx": 679.054265997005,
    "cy": 543.646891684636,
    "k1": -0.18867185058223412,
    "k2": -0.003927337093919806,
    "k3": 0.030524814153620117,
    "k4": -0.012756926010904904,
    "p1": 0,
    "p2": 0,
    "w": 1350,
    "h": 1080,
    "camera_angle_x": 1.4428692492187012,
    "camera_angle_y": 1.2262461230200543,
    "scene_scale": 0.02032542222549806,
    "dist_ftype": "png",
    "distmap": "dense",
    "rgb_mask": "rgb_mask.png",
    "scene_T": [
        [
            1.0,
            0.0,
            0.0,
            -56.2834250130673
        ],
        [
            0.0,
            1.0,
            0.0,
            -60.13362080481829
        ],
        [
            0.0,
            0.0,
            1.0,
            49.60297827446154
        ],
        [
            0.0,
            0.0,
            0.0,
            1.0
        ]
    ],
    "distmap_scale": 3.141592653589793,
    "frames": [
        {
            "file_path": "images/0_color.png",
            "distmap_path": "distmaps/0_color.png",
            "near": 0.3795267964531937,
            "far": 1.6268322996517017,
            "transform_matrix": [
                [
                    -0.879229,
                    -0.474226,
                    0.0454499,
                    -0.024159305258381062
                ],
                [
                    -0.403425,
                    0.791897,
                    0.458418,
                    -0.21602714044819965
                ],
                [
                    -0.253386,
                    0.384719,
                    -0.887574,
                    -0.5583682457062896
                ],
                [
                    0.0,
                    0.0,
                    0.0,
                    1.0
                ]
            ]
        },
        {
            "file_path": "images/5_color.png",
            "distmap_path": "distmaps/5_color.png",
            "near": 0.37874772103951776,
            "far": 1.6281627514571684,
            "transform_matrix": [
                [
                    -0.879118,
                    -0.474475,
                    0.0450095,
                    -0.02508207942741869
                ],
                [
                    -0.404226,
                    0.79231,
                    0.456998,
                    -0.21628730585268602
                ],
                [
                    -0.252495,
                    0.383561,
                    -0.888328,
                    -0.5590532124352888
                ],
                [
                    0.0,
                    0.0,
                    0.0,
                    1.0
                ]
            ]
        },
        {
            "file_path": "images/10_color.png",
            "distmap_path": "distmaps/10_color.png",
            "near": 0.3798789030708275,
            "far": 1.6315505941197133,
            "transform_matrix": [
                [
                    -0.878942,
                    -0.474889,
                    0.0440642,
                    -0.024494674725101792
                ],
                [
                    -0.405658,
                    0.792984,
                    0.454553,
                    -0.21735642306174732
                ],
                [
                    -0.250804,
                    0.381651,
                    -0.889629,
                    -0.561386570906776
                ],
                [
                    0.0,
                    0.0,
                    0.0,
                    1.0
                ]
            ]
        },
        {
            "file_path": "images/15_color.png",
            "distmap_path": "distmaps/15_color.png",
            "near": 0.380529042243583,
            "far": 1.6335339898034547,
            "transform_matrix": [
                [
                    -0.878763,
                    -0.475321,
                    0.0429647,
                    -0.02388084697389174
                ],
                [
                    -0.40748,
                    0.794102,
                    0.450956,
                    -0.2162080367060067
                ],
                [
                    -0.248467,
                    0.378776,
                    -0.891512,
                    -0.5629983768892581
                ],
                [
                    0.0,
                    0.0,
                    0.0,
                    1.0
                ]
            ]
        },
        {
            "file_path": "images/20_color.png",
            "distmap_path": "distmaps/20_color.png",
            "near": 0.38135076210445257,
            "far": 1.635712687315988,
            "transform_matrix": [
                [
                    -0.878587,
                    -0.475777,
                    0.0414861,
                    -0.023334093116025887
                ],
                [
                    -0.409543,
                    0.795256,
                    0.447038,
                    -0.21575477979037805
                ],
                [
                    -0.245683,
                    0.375772,
                    -0.893552,
                    -0.5646183130406304
                ],
                [
                    0.0,
                    0.0,
                    0.0,
                    1.0
                ]
            ]
        },
        {
            "file_path": "images/30_color.png",
            "distmap_path": "distmaps/30_color.png",
            "near": 0.3832928173638568,
            "far": 1.6427177096821266,
            "transform_matrix": [
                [
                    -0.877941,
                    -0.477252,
                    0.0380846,
                    -0.02235440776475685
                ],
                [
                    -0.414961,
                    0.798199,
                    0.436676,
                    -0.21435029311459616
                ],
                [
                    -0.238803,
                    0.367572,
                    -0.898812,
                    -0.5707525254682857
                ],
                [
                    0.0,
                    0.0,
                    0.0,
                    1.0
                ]
            ]
        },
        {
            "file_path": "images/35_color.png",
            "distmap_path": "distmaps/35_color.png",
            "near": 0.3838045198673833,
            "far": 1.6468162869801943,
            "transform_matrix": [
                [
                    -0.877514,
                    -0.478191,
                    0.0361061,
                    -0.02268977723147758
                ],
                [
                    -0.418135,
                    0.799823,
                    0.430636,
                    -0.21423240566568824
                ],
                [
                    -0.234804,
                    0.362792,
                    -0.901803,
                    -0.5746590716200264
                ],
                [
                    0.0,
                    0.0,
                    0.0,
                    1.0
                ]
            ]
        },
        {
            "file_path": "images/40_color.png",
            "distmap_path": "distmaps/40_color.png",
            "near": 0.3858779067025992,
            "far": 1.6489215983142902,
            "transform_matrix": [
                [
                    -0.877053,
                    -0.479227,
                    0.0334614,
                    -0.021260900049025006
                ],
                [
                    -0.422052,
                    0.801937,
                    0.42281,
                    -0.21271816170988864
                ],
                [
                    -0.229456,
                    0.356704,
                    -0.9056,
                    -0.5779416273094444
                ],
                [
                    0.0,
                    0.0,
                    0.0,
                    1.0
                ]
            ]
        },
        {
            "file_path": "images/45_color.png",
            "distmap_path": "distmaps/45_color.png",
            "near": 0.3878434499432112,
            "far": 1.6530314156502193,
            "transform_matrix": [
                [
                    -0.876551,
                    -0.480307,
                    0.0310337,
                    -0.020488534004456146
                ],
                [
                    -0.425731,
                    0.803799,
                    0.415524,
                    -0.21252913528319145
                ],
                [
                    -0.224524,
                    0.351016,
                    -0.909053,
                    -0.5826083442524186
                ],
                [
                    0.0,
                    0.0,
                    0.0,
                    1.0
                ]
            ]
        },
        {
            "file_path": "images/55_color.png",
            "distmap_path": "distmaps/55_color.png",
            "near": 0.3924985108872129,
            "far": 1.6625940606673213,
            "transform_matrix": [
                [
                    -0.875244,
                    -0.483016,
                    0.0253589,
                    -0.019348277817605692
                ],
                [
                    -0.434654,
                    0.808446,
                    0.396852,
                    -0.20889291724704986
                ],
                [
                    -0.212187,
                    0.33632,
                    -0.917532,
                    -0.5949662009655214
                ],
                [
                    0.0,
                    0.0,
                    0.0,
                    1.0
                ]
            ]
        },
        {
            "file_path": "images/60_color.png",
            "distmap_path": "distmaps/60_color.png",
            "near": 0.3952279385595442,
            "far": 1.6674848005336482,
            "transform_matrix": [
                [
                    -0.874441,
                    -0.48464,
                    0.0218203,
                    -0.018535260928585786
                ],
                [
                    -0.439924,
                    0.811113,
                    0.385438,
                    -0.20673435740670196
                ],
                [
                    -0.204498,
                    0.327444,
                    -0.922476,
                    -0.6012467564332004
                ],
                [
                    0.0,
                    0.0,
                    0.0,
                    1.0
                ]
            ]
        },
        {
            "file_path": "images/65_color.png",
            "distmap_path": "distmaps/65_color.png",
            "near": 0.3980518758258478,
            "far": 1.672857796128916,
            "transform_matrix": [
                [
                    -0.873653,
                    -0.486188,
                    0.0187846,
                    -0.017860456910699235
                ],
                [
                    -0.444625,
                    0.813454,
                    0.37497,
                    -0.2039558721884764
                ],
                [
                    -0.197586,
                    0.319241,
                    -0.926847,
                    -0.6082265064254364
                ],
                [
                    0.0,
                    0.0,
                    0.0,
                    1.0
                ]
            ]
        },
        {
            "file_path": "images/70_color.png",
            "distmap_path": "distmaps/70_color.png",
            "near": 0.40165048490523964,
            "far": 1.6807364472416642,
            "transform_matrix": [
                [
                    -0.872694,
                    -0.488028,
                    0.0152999,
                    -0.01719988068837057
                ],
                [
                    -0.449971,
                    0.816015,
                    0.36283,
                    -0.20195178555704235
                ],
                [
                    -0.189556,
                    0.309755,
                    -0.93173,
                    -0.6172530264357802
                ],
                [
                    0.0,
                    0.0,
                    0.0,
                    1.0
                ]
            ]
        },
        {
            "file_path": "images/80_color.png",
            "distmap_path": "distmaps/80_color.png",
            "near": 0.41027411637325784,
            "far": 1.6973245201390066,
            "transform_matrix": [
                [
                    -0.87033,
                    -0.492414,
                    0.00734918,
                    -0.01492343339911475
                ],
                [
                    -0.461946,
                    0.821469,
                    0.334357,
                    -0.19569562059603404
                ],
                [
                    -0.170679,
                    0.287606,
                    -0.942418,
                    -0.6368690914256082
                ],
                [
                    0.0,
                    0.0,
                    0.0,
                    1.0
                ]
            ]
        },
        {
            "file_path": "images/85_color.png",
            "distmap_path": "distmaps/85_color.png",
            "near": 0.414255706448911,
            "far": 1.705093902073924,
            "transform_matrix": [
                [
                    -0.86924,
                    -0.494375,
                    0.00394679,
                    -0.014260824634563468
                ],
                [
                    -0.467084,
                    0.823819,
                    0.321178,
                    -0.1914902907375784
                ],
                [
                    -0.162034,
                    0.277337,
                    -0.947011,
                    -0.6466252940938474
                ],
                [
                    0.0,
                    0.0,
                    0.0,
                    1.0
                ]
            ]
        },
        {
            "file_path": "images/90_color.png",
            "distmap_path": "distmaps/90_color.png",
            "near": 0.4194850870047621,
            "far": 1.715510308466261,
            "transform_matrix": [
                [
                    -0.867723,
                    -0.497047,
                    -0.000565544,
                    -0.013319757585522863
                ],
                [
                    -0.473617,
                    0.826474,
                    0.30435,
                    -0.1873560998569122
                ],
                [
                    -0.150809,
                    0.26436,
                    -0.95256,
                    -0.6588469704780393
                ],
                [
                    0.0,
                    0.0,
                    0.0,
                    1.0
                ]
            ]
        },
        {
            "file_path": "images/95_color.png",
            "distmap_path": "distmaps/95_color.png",
            "near": 0.42499793047622525,
            "far": 1.7280231253338587,
            "transform_matrix": [
                [
                    -0.866137,
                    -0.499783,
                    -0.00494338,
                    -0.011673398385257602
                ],
                [
                    -0.48008,
                    0.829158,
                    0.286392,
                    -0.18194750500270712
                ],
                [
                    -0.139035,
                    0.250428,
                    -0.9581,
                    -0.6736581056537597
                ],
                [
                    0.0,
                    0.0,
                    0.0,
                    1.0
                ]
            ]
        },
        {
            "file_path": "images/105_color.png",
            "distmap_path": "distmaps/105_color.png",
            "near": 0.42972175114017697,
            "far": 1.753399067599107,
            "transform_matrix": [
                [
                    -0.86283,
                    -0.505323,
                    -0.0131607,
                    -0.00988679377163637
                ],
                [
                    -0.491924,
                    0.83339,
                    0.251938,
                    -0.1727339911078889
                ],
                [
                    -0.116342,
                    0.223854,
                    -0.967654,
                    -0.7027925658717888
                ],
                [
                    0.0,
                    0.0,
                    0.0,
                    1.0
                ]
            ]
        },
        {
            "file_path": "images/110_color.png",
            "distmap_path": "distmaps/110_color.png",
            "near": 0.4329352657252607,
            "far": 1.7667958304870799,
            "transform_matrix": [
                [
                    -0.860947,
                    -0.508396,
                    -0.0173953,
                    -0.009913216820529529
                ],
                [
                    -0.497903,
                    0.835186,
                    0.233574,
                    -0.16819735686715762
                ],
                [
                    -0.10422,
                    0.209756,
                    -0.972183,
                    -0.7180203722031318
                ],
                [
                    0.0,
                    0.0,
                    0.0,
                    1.0
                ]
            ]
        },
        {
            "file_path": "images/115_color.png",
            "distmap_path": "distmaps/115_color.png",
            "near": 0.4369252751168136,
            "far": 1.7808965496716687,
            "transform_matrix": [
                [
                    -0.85934,
                    -0.510988,
                    -0.0206401,
                    -0.008636780304768192
                ],
                [
                    -0.502736,
                    0.836685,
                    0.217289,
                    -0.1616139526083189
                ],
                [
                    -0.0937629,
                    0.197102,
                    -0.975889,
                    -0.734715674019156
                ],
                [
                    0.0,
                    0.0,
                    0.0,
                    1.0
                ]
            ]
        },
        {
            "file_path": "images/120_color.png",
            "distmap_path": "distmaps/120_color.png",
            "near": 0.441901821266108,
            "far": 1.7944069458729341,
            "transform_matrix": [
                [
                    -0.857504,
                    -0.513897,
                    -0.024431,
                    -0.008805481309239794
                ],
                [
                    -0.507838,
                    0.837878,
                    0.200155,
                    -0.15735780919429956
                ],
                [
                    -0.0823887,
                    0.18404,
                    -0.97946,
                    -0.7498642112038197
                ],
                [
                    0.0,
                    0.0,
                    0.0,
                    1.0
                ]
            ]
        },
        {
            "file_path": "images/130_color.png",
            "distmap_path": "distmaps/130_color.png",
            "near": 0.44828247978003505,
            "far": 1.8218619023663742,
            "transform_matrix": [
                [
                    -0.854416,
                    -0.518718,
                    -0.0300751,
                    -0.008291248126934663
                ],
                [
                    -0.515672,
                    0.839458,
                    0.171445,
                    -0.14827844308616958
                ],
                [
                    -0.0636847,
                    0.161994,
                    -0.984735,
                    -0.7773706051015861
                ],
                [
                    0.0,
                    0.0,
                    0.0,
                    1.0
                ]
            ]
        },
        {
            "file_path": "images/135_color.png",
            "distmap_path": "distmaps/135_color.png",
            "near": 0.44904687522441183,
            "far": 1.8392683866231738,
            "transform_matrix": [
                [
                    -0.852861,
                    -0.521115,
                    -0.032674,
                    -0.007683518002392316
                ],
                [
                    -0.519306,
                    0.840065,
                    0.156882,
                    -0.14257512960969482
                ],
                [
                    -0.0543055,
                    0.150767,
                    -0.987077,
                    -0.7926939409173891
                ],
                [
                    0.0,
                    0.0,
                    0.0,
                    1.0
                ]
            ]
        },
        {
            "file_path": "images/140_color.png",
            "distmap_path": "distmaps/140_color.png",
            "near": 0.4474513817050302,
            "far": 1.8565959572045354,
            "transform_matrix": [
                [
                    -0.851368,
                    -0.523391,
                    -0.0351366,
                    -0.007102210926743126
                ],
                [
                    -0.522607,
                    0.840492,
                    0.143019,
                    -0.13770312590224296
                ],
                [
                    -0.0453228,
                    0.140125,
                    -0.989096,
                    -0.8080254069020824
                ],
                [
                    0.0,
                    0.0,
                    0.0,
                    1.0
                ]
            ]
        },
        {
            "file_path": "images/145_color.png",
            "distmap_path": "distmaps/145_color.png",
            "near": 0.44487951139358717,
            "far": 1.8675299346419603,
            "transform_matrix": [
                [
                    -0.850166,
                    -0.525209,
                    -0.0370658,
                    -0.007083918046740149
                ],
                [
                    -0.525097,
                    0.840607,
                    0.132865,
                    -0.13495309627513305
                ],
                [
                    -0.0386239,
                    0.13242,
                    -0.990441,
                    -0.817757219063651
                ],
                [
                    0.0,
                    0.0,
                    0.0,
                    1.0
                ]
            ]
        },
        {
            "file_path": "images/155_color.png",
            "distmap_path": "distmaps/155_color.png",
            "near": 0.4395838771870807,
            "far": 1.8966645524508925,
            "transform_matrix": [
                [
                    -0.847581,
                    -0.529083,
                    -0.0409571,
                    -0.006317649628838852
                ],
                [
                    -0.530135,
                    0.840758,
                    0.109921,
                    -0.126424549109314
                ],
                [
                    -0.0237222,
                    0.11488,
                    -0.993096,
                    -0.8433428605611077
                ],
                [
                    0.0,
                    0.0,
                    0.0,
                    1.0
                ]
            ]
        },
        {
            "file_path": "images/160_color.png",
            "distmap_path": "distmaps/160_color.png",
            "near": 0.4406255396467777,
            "far": 1.9067443057862195,
            "transform_matrix": [
                [
                    -0.846504,
                    -0.530683,
                    -0.0424929,
                    -0.00710017838452051
                ],
                [
                    -0.532087,
                    0.840678,
                    0.100715,
                    -0.12323549036213335
                ],
                [
                    -0.0177252,
                    0.107866,
                    -0.994007,
                    -0.852281981255882
                ],
                [
                    0.0,
                    0.0,
                    0.0,
                    1.0
                ]
            ]
        },
        {
            "file_path": "images/165_color.png",
            "distmap_path": "distmaps/165_color.png",
            "near": 0.44067854172923426,
            "far": 1.917087731155712,
            "transform_matrix": [
                [
                    -0.845583,
                    -0.532047,
                    -0.0437792,
                    -0.006313584544393762
                ],
                [
                    -0.533699,
                    0.840587,
                    0.0926236,
                    -0.11997935772160864
                ],
                [
                    -0.0124799,
                    0.101686,
                    -0.994738,
                    -0.8612312646617686
                ],
                [
                    0.0,
                    0.0,
                    0.0,
                    1.0
                ]
            ]
        },
        {
            "file_path": "images/170_color.png",
            "distmap_path": "distmaps/170_color.png",
            "near": 0.4418412641402809,
            "far": 1.9291291686536307,
            "transform_matrix": [
                [
                    -0.844639,
                    -0.533452,
                    -0.0448887,
                    -0.006291226579945694
                ],
                [
                    -0.535291,
                    0.840488,
                    0.0839242,
                    -0.11587972005872564
                ],
                [
                    -0.00704107,
                    0.0949141,
                    -0.995461,
                    -0.8717334103256834
                ],
                [
                    0.0,
                    0.0,
                    0.0,
                    1.0
                ]
            ]
        },
        {
            "file_path": "images/180_color.png",
            "distmap_path": "distmaps/180_color.png",
            "near": 0.44245383337053557,
            "far": 1.9454799790729806,
            "transform_matrix": [
                [
                    -0.843094,
                    -0.535719,
                    -0.0468906,
                    -0.006781069255580139
                ],
                [
                    -0.537765,
                    0.840083,
                    0.0711978,
                    -0.11180650544473579
                ],
                [
                    0.00124998,
                    0.0852425,
                    -0.996359,
                    -0.8863270634835911
                ],
                [
                    0.0,
                    0.0,
                    0.0,
                    1.0
                ]
            ]
        },
        {
            "file_path": "images/185_color.png",
            "distmap_path": "distmaps/185_color.png",
            "near": 0.4415784640883909,
            "far": 1.9520903062469954,
            "transform_matrix": [
                [
                    -0.842515,
                    -0.536552,
                    -0.0477514,
                    -0.00652293639331641
                ],
                [
                    -0.538652,
                    0.839939,
                    0.0660042,
                    -0.10981258152441453
                ],
                [
                    0.00469354,
                    0.0813309,
                    -0.996676,
                    -0.8920893206845198
                ],
                [
                    0.0,
                    0.0,
                    0.0,
                    1.0
                ]
            ]
        },
        {
            "file_path": "images/190_color.png",
            "distmap_path": "distmaps/190_color.png",
            "near": 0.4411317975132849,
            "far": 1.9579503071227635,
            "transform_matrix": [
                [
                    -0.842042,
                    -0.537255,
                    -0.0481976,
                    -0.006844078064479253
                ],
                [
                    -0.539365,
                    0.839789,
                    0.0619701,
                    -0.10834711858195614
                ],
                [
                    0.00718209,
                    0.0781775,
                    -0.996914,
                    -0.8973434423298111
                ],
                [
                    0.0,
                    0.0,
                    0.0,
                    1.0
                ]
            ]
        },
        {
            "file_path": "images/195_color.png",
            "distmap_path": "distmaps/195_color.png",
            "near": 0.43980173762049063,
            "far": 1.9633970095015867,
            "transform_matrix": [
                [
                    -0.841632,
                    -0.537843,
                    -0.0487936,
                    -0.006482285548865364
                ],
                [
                    -0.539969,
                    0.839645,
                    0.058565,
                    -0.10711946307953603
                ],
                [
                    0.00947053,
                    0.0756372,
                    -0.99709,
                    -0.9021361768905835
                ],
                [
                    0.0,
                    0.0,
                    0.0,
                    1.0
                ]
            ]
        },
        {
            "file_path": "images/205_color.png",
            "distmap_path": "distmaps/205_color.png",
            "near": 0.4393540801349106,
            "far": 1.9682677243912885,
            "transform_matrix": [
                [
                    -0.841142,
                    -0.538561,
                    -0.0493082,
                    -0.0067729390866899586
                ],
                [
                    -0.54068,
                    0.839458,
                    0.0545545,
                    -0.10617839603049542
                ],
                [
                    0.0120112,
                    0.0725481,
                    -0.997293,
                    -0.9065589887668519
                ],
                [
                    0.0,
                    0.0,
                    0.0,
                    1.0
                ]
            ]
        },
        {
            "file_path": "images/210_color.png",
            "distmap_path": "distmaps/210_color.png",
            "near": 0.43896615991220417,
            "far": 1.969494236634569,
            "transform_matrix": [
                [
                    -0.840997,
                    -0.538778,
                    -0.0494253,
                    -0.0066144007933311546
                ],
                [
                    -0.540893,
                    0.839381,
                    0.0536125,
                    -0.10593042587934434
                ],
                [
                    0.0126014,
                    0.0718217,
                    -0.997338,
                    -0.9076403012292482
                ],
                [
                    0.0,
                    0.0,
                    0.0,
                    1.0
                ]
            ]
        },
        {
            "file_path": "images/215_color.png",
            "distmap_path": "distmaps/215_color.png",
            "near": 0.43907699426154884,
            "far": 1.9702998150561437,
            "transform_matrix": [
                [
                    -0.840978,
                    -0.538808,
                    -0.0494179,
                    -0.006774971628912576
                ],
                [
                    -0.540917,
                    0.839393,
                    0.05318,
                    -0.10551578726594414
                ],
                [
                    0.0128272,
                    0.0714542,
                    -0.997361,
                    -0.9083313655849152
                ],
                [
                    0.0,
                    0.0,
                    0.0,
                    1.0
                ]
            ]
        },
        {
            "file_path": "images/220_color.png",
            "distmap_path": "distmaps/220_color.png",
            "near": 0.43846737070441866,
            "far": 1.970007090897079,
            "transform_matrix": [
                [
                    -0.840822,
                    -0.53903,
                    -0.0496481,
                    -0.006246510651049558
                ],
                [
                    -0.541142,
                    0.839313,
                    0.0521505,
                    -0.10569668352375115
                ],
                [
                    0.0135596,
                    0.070716,
                    -0.997404,
                    -0.9080508747582033
                ],
                [
                    0.0,
                    0.0,
                    0.0,
                    1.0
                ]
            ]
        },
        {
            "file_path": "images/230_color.png",
            "distmap_path": "distmaps/230_color.png",
            "near": 0.43979741753228957,
            "far": 1.9678580860815904,
            "transform_matrix": [
                [
                    -0.84037,
                    -0.539715,
                    -0.0498532,
                    -0.006705865193345899
                ],
                [
                    -0.54177,
                    0.839186,
                    0.0474552,
                    -0.10301576033220793
                ],
                [
                    0.0162239,
                    0.0668889,
                    -0.997629,
                    -0.9056057264644759
                ],
                [
                    0.0,
                    0.0,
                    0.0,
                    1.0
                ]
            ]
        },
        {
            "file_path": "images/235_color.png",
            "distmap_path": "distmaps/235_color.png",
            "near": 0.440019086230979,
            "far": 1.9644886874413419,
            "transform_matrix": [
                [
                    -0.839979,
                    -0.540282,
                    -0.0503005,
                    -0.005988377788785829
                ],
                [
                    -0.542293,
                    0.83907,
                    0.0433579,
                    -0.10062345813626682
                ],
                [
                    0.0187801,
                    0.0636973,
                    -0.997792,
                    -0.9019105647038804
                ],
                [
                    0.0,
                    0.0,
                    0.0,
                    1.0
                ]
            ]
        },
        {
            "file_path": "images/240_color.png",
            "distmap_path": "distmaps/240_color.png",
            "near": 0.4393540801349106,
            "far": 1.963413038480263,
            "transform_matrix": [
                [
                    -0.839499,
                    -0.540985,
                    -0.0507495,
                    -0.004939586001950118
                ],
                [
                    -0.542936,
                    0.838868,
                    0.0390021,
                    -0.09870880336262489
                ],
                [
                    0.0214726,
                    0.060296,
                    -0.99795,
                    -0.9003820929525231
                ],
                [
                    0.0,
                    0.0,
                    0.0,
                    1.0
                ]
            ]
        },
        {
            "file_path": "images/245_color.png",
            "distmap_path": "distmaps/245_color.png",
            "near": 0.44018966165370055,
            "far": 1.9599425101631647,
            "transform_matrix": [
                [
                    -0.838887,
                    -0.54189,
                    -0.0512214,
                    -0.004587956197449027
                ],
                [
                    -0.543741,
                    0.838582,
                    0.0335476,
                    -0.09635105438446712
                ],
                [
                    0.0247743,
                    0.0559939,
                    -0.998124,
                    -0.896648312889699
                ],
                [
                    0.0,
                    0.0,
                    0.0,
                    1.0
                ]
            ]
        },
        {
            "file_path": "images/255_color.png",
            "distmap_path": "distmaps/255_color.png",
            "near": 0.4383285485254024,
            "far": 1.9540336687179445,
            "transform_matrix": [
                [
                    -0.837524,
                    -0.543899,
                    -0.0522279,
                    -0.003990388784019332
                ],
                [
                    -0.545403,
                    0.837941,
                    0.019764,
                    -0.0879830780542295
                ],
                [
                    0.0330142,
                    0.0450381,
                    -0.99844,
                    -0.8894226252885343
                ],
                [
                    0.0,
                    0.0,
                    0.0,
                    1.0
                ]
            ]
        },
        {
            "file_path": "images/260_color.png",
            "distmap_path": "distmaps/260_color.png",
            "near": 0.4361822722533465,
            "far": 1.9487602889520486,
            "transform_matrix": [
                [
                    -0.836554,
                    -0.545343,
                    -0.0527075,
                    -0.0043623440107458744
                ],
                [
                    -0.546569,
                    0.837337,
                    0.0113473,
                    -0.08475743354704304
                ],
                [
                    0.0379457,
                    0.0383009,
                    -0.998546,
                    -0.8838839477320863
                ],
                [
                    0.0,
                    0.0,
                    0.0,
                    1.0
                ]
            ]
        },
        {
            "file_path": "images/265_color.png",
            "distmap_path": "distmaps/265_color.png",
            "near": 0.43107428518547714,
            "far": 1.944466132694331,
            "transform_matrix": [
                [
                    -0.835499,
                    -0.546858,
                    -0.0537416,
                    -0.0026672037971393874
                ],
                [
                    -0.54771,
