{
    "camera_model": "FISHEYE_OPENCV",
    "fx": 767.3861511125845,
    "fy": 767.5058656118406,
    "cx": 679.054265997005,
    "cy": 543.646891684636,
    "k1": -0.18867185058223412,
    "k2": -0.003927337093919806,
    "k3": 0.030524814153620117,
    "k4": -0.012756926010904904,
    "p1": 0,
    "p2": 0,
    "w": 1350,
    "h": 1080,
    "camera_angle_x": 1.4428692492187012,
    "camera_angle_y": 1.2262461230200543,
    "scene_scale": 0.016634986079692403,
    "dist_ftype": "png",
    "distmap": "dense",
    "rgb_mask": "rgb_mask.png",
    "scene_T": [
        [
            1.0,
            0.0,
            0.0,
            -52.00902124395696
        ],
        [
            0.0,
            1.0,
            0.0,
            -51.25868082286624
        ],
        [
            0.0,
            0.0,
            1.0,
            40.971650782423254
        ],
        [
            0.0,
            0.0,
            0.0,
            1.0
        ]
    ],
    "distmap_scale": 3.141592653589793,
    "frames": [
        {
            "file_path": "images/0_color.png",
            "distmap_path": "distmaps/0_color.png",
            "near": 0.2693455230444539,
            "far": 1.9568127599514726,
            "transform_matrix": [
                [
                    0.9481,
                    0.314613,
                    -0.046099,
                    0.05470712532735611
                ],
                [
                    0.31052,
                    -0.947302,
                    -0.0787199,
                    -0.19735382884090158
                ],
                [
                    -0.068436,
                    0.0603197,
                    -0.99583,
                    -1.1439771669438947
                ],
                [
                    0.0,
                    0.0,
                    0.0,
                    1.0
                ]
            ]
        },
        {
            "file_path": "images/5_color.png",
            "distmap_path": "distmaps/5_color.png",
            "near": 0.2682951760022392,
            "far": 1.9329943913034515,
            "transform_matrix": [
                [
                    0.948085,
                    0.31467,
                    -0.0460189,
                    0.053148427131688956
                ],
                [
                    0.310579,
                    -0.947278,
                    -0.0787653,
                    -0.19689470322510208
                ],
                [
                    -0.0683778,
                    0.0603836,
                    -0.995831,
                    -1.1155479757337003
                ],
                [
                    0.0,
                    0.0,
                    0.0,
                    1.0
                ]
            ]
        },
        {
            "file_path": "images/10_color.png",
            "distmap_path": "distmaps/10_color.png",
            "near": 0.2672211813417128,
            "far": 1.8992948321403949,
            "transform_matrix": [
                [
                    0.948114,
                    0.31461,
                    -0.0458205,
                    0.05257618361054757
                ],
                [
                    0.310528,
                    -0.947291,
                    -0.0788147,
                    -0.19704441809981932
                ],
                [
                    -0.0682013,
                    0.0604968,
                    -0.995836,
                    -1.0818454939362436
                ],
                [
                    0.0,
                    0.0,
                    0.0,
                    1.0
                ]
            ]
        },
        {
            "file_path": "images/15_color.png",
            "distmap_path": "distmaps/15_color.png",
            "near": 0.2600437940810386,
            "far": 1.8647837977397417,
            "transform_matrix": [
                [
                    0.948093,
                    0.314709,
                    -0.0455939,
                    0.05114557480769393
                ],
                [
                    0.310635,
                    -0.94725,
                    -0.0788919,
                    -0.19675829633924855
                ],
                [
                    -0.0680167,
                    0.0606337,
                    -0.99584,
                    -1.0474942476816789
                ],
                [
                    0.0,
                    0.0,
                    0.0,
                    1.0
                ]
            ]
        },
        {
            "file_path": "images/20_color.png",
            "distmap_path": "distmaps/20_color.png",
            "near": 0.24804224903553485,
            "far": 1.8279422201273636,
            "transform_matrix": [
                [
                    0.948122,
                    0.314651,
                    -0.0453833,
                    0.05064486172669524
                ],
                [
                    0.310598,
                    -0.947271,
                    -0.078786,
                    -0.19696457016663674
                ],
                [
                    -0.0677803,
                    0.0606028,
                    -0.995858,
                    -1.0103316887796459
                ],
                [
                    0.0,
                    0.0,
                    0.0,
                    1.0
                ]
            ]
        },
        {
            "file_path": "images/30_color.png",
            "distmap_path": "distmaps/30_color.png",
            "near": 0.26561828328825154,
            "far": 1.750138399814052,
            "transform_matrix": [
                [
                    0.948121,
                    0.314667,
                    -0.0452786,
                    0.05109067935363101
                ],
                [
                    0.310616,
                    -0.94726,
                    -0.07884,
                    -0.19716751699680898
                ],
                [
                    -0.067699,
                    0.0606856,
                    -0.995858,
                    -0.9312522919540043
                ],
                [
                    0.0,
                    0.0,
                    0.0,
                    1.0
                ]
            ]
        },
        {
            "file_path": "images/35_color.png",
            "distmap_path": "distmaps/35_color.png",
            "near": 0.26354199436694736,
            "far": 1.723345009066813,
            "transform_matrix": [
                [
                    0.948129,
                    0.314672,
                    -0.0450903,
                    0.051118958829966483
                ],
                [
                    0.310627,
                    -0.94725,
                    -0.0789203,
                    -0.19748358173232322
                ],
                [
                    -0.0675458,
                    0.0608204,
                    -0.995861,
                    -0.903641542058931
                ],
                [
                    0.0,
                    0.0,
                    0.0,
                    1.0
                ]
            ]
        },
        {
            "file_path": "images/40_color.png",
            "distmap_path": "distmaps/40_color.png",
            "near": 0.255383142288461,
            "far": 1.6928293307933877,
            "transform_matrix": [
                [
                    0.948099,
                    0.314765,
                    -0.0450713,
                    0.051554795465254356
                ],
                [
                    0.31072,
                    -0.947218,
                    -0.0789393,
                    -0.19773643352073456
                ],
                [
                    -0.0675396,
                    0.0608377,
                    -0.99586,
                    -0.8721415324184253
                ],
                [
                    0.0,
                    0.0,
                    0.0,
                    1.0
                ]
            ]
        },
        {
            "file_path": "images/45_color.png",
            "distmap_path": "distmaps/45_color.png",
            "near": 0.25669608007922484,
            "far": 1.66784287734001,
            "transform_matrix": [
                [
                    0.948124,
                    0.314716,
                    -0.0448918,
                    0.05210375000588423
                ],
                [
                    0.310676,
                    -0.947225,
                    -0.0790277,
                    -0.1977414240165584
                ],
                [
                    -0.0673939,
                    0.0609812,
                    -0.995861,
                    -0.8462674750700716
                ],
                [
                    0.0,
                    0.0,
                    0.0,
                    1.0
                ]
            ]
        },
        {
            "file_path": "images/55_color.png",
            "distmap_path": "distmaps/55_color.png",
            "near": 0.2475462440980542,
            "far": 1.6290375563221708,
            "transform_matrix": [
                [
                    0.948147,
                    0.314666,
                    -0.0447531,
                    0.05132356915874664
                ],
                [
                    0.310632,
                    -0.947236,
                    -0.0790671,
                    -0.19607792540858912
                ],
                [
                    -0.0672715,
                    0.0610655,
                    -0.995864,
                    -0.8069473584735029
                ],
                [
                    0.0,
                    0.0,
                    0.0,
                    1.0
                ]
            ]
        },
        {
            "file_path": "images/60_color.png",
            "distmap_path": "distmaps/60_color.png",
            "near": 0.2502808742153854,
            "far": 1.6143307215375695,
            "transform_matrix": [
                [
                    0.948125,
                    0.314739,
                    -0.044705,
                    0.04868359686789952
                ],
                [
                    0.310709,
                    -0.947213,
                    -0.079041,
                    -0.19396029168064433
                ],
                [
                    -0.0672224,
                    0.0610505,
                    -0.995868,
                    -0.7929989226456808
                ],
                [
                    0.0,
                    0.0,
                    0.0,
                    1.0
                ]
            ]
        },
        {
            "file_path": "images/65_color.png",
            "distmap_path": "distmaps/65_color.png",
            "near": 0.2561087966300211,
            "far": 1.5993530438452335,
            "transform_matrix": [
                [
                    0.948112,
                    0.314759,
                    -0.0448508,
                    0.04483592458766671
                ],
                [
                    0.310723,
                    -0.947212,
                    -0.0789963,
                    -0.18920268566185225
                ],
                [
                    -0.0673481,
                    0.0609611,
                    -0.995865,
                    -0.780329717247387
                ],
                [
                    0.0,
                    0.0,
                    0.0,
                    1.0
                ]
            ]
        },
        {
            "file_path": "images/70_color.png",
            "distmap_path": "distmaps/70_color.png",
            "near": 0.263816422853,
            "far": 1.5847989405253238,
            "transform_matrix": [
                [
                    0.948133,
                    0.314683,
                    -0.0449163,
                    0.03840650246786551
                ],
                [
                    0.310645,
                    -0.947239,
                    -0.0789771,
                    -0.18185334881184415
                ],
                [
                    -0.0673993,
                    0.0609278,
                    -0.995864,
                    -0.7697265771201911
                ],
                [
                    0.0,
                    0.0,
                    0.0,
                    1.0
                ]
            ]
        },
        {
            "file_path": "images/80_color.png",
            "distmap_path": "distmaps/80_color.png",
            "near": 0.29297647678474453,
            "far": 1.564569791672644,
            "transform_matrix": [
                [
                    0.948074,
                    0.314869,
                    -0.0448726,
                    0.01589770280343376
                ],
                [
                    0.310823,
                    -0.947168,
                    -0.0791356,
                    -0.1602727813706592
                ],
                [
                    -0.0674192,
                    0.0610789,
                    -0.995853,
                    -0.7620145975736458
                ],
                [
                    0.0,
                    0.0,
                    0.0,
                    1.0
                ]
            ]
        },
        {
            "file_path": "images/85_color.png",
            "distmap_path": "distmaps/85_color.png",
            "near": 0.3151175889044176,
            "far": 1.5555905027961885,
            "transform_matrix": [
                [
                    0.948174,
                    0.31459,
                    -0.0447102,
                    0.0014918048584201436
                ],
                [
                    0.310557,
                    -0.947259,
                    -0.0790837,
                    -0.14630937405536543
                ],
                [
                    -0.0672311,
                    0.0611001,
                    -0.995865,
                    -0.7609482949659375
                ],
                [
                    0.0,
                    0.0,
                    0.0,
                    1.0
                ]
            ]
        },
        {
            "file_path": "images/90_color.png",
            "distmap_path": "distmaps/90_color.png",
            "near": 0.338181357825726,
            "far": 1.5471850606450146,
            "transform_matrix": [
                [
                    0.948127,
                    0.314735,
                    -0.0446948,
                    -0.01299227752116802
                ],
                [
                    0.310705,
                    -0.947213,
                    -0.0790529,
                    -0.13233432224981584
                ],
                [
                    -0.0672162,
                    0.0610652,
                    -0.995868,
                    -0.7601880761020954
                ],
                [
                    0.0,
                    0.0,
                    0.0,
                    1.0
                ]
            ]
        },
        {
            "file_path": "images/95_color.png",
            "distmap_path": "distmaps/95_color.png",
            "near": 0.3517747368538478,
            "far": 1.5419041395447046,
            "transform_matrix": [
                [
                    0.948211,
                    0.314498,
                    -0.0445804,
                    -0.023470655252766252
                ],
                [
                    0.310475,
                    -0.947288,
                    -0.0790584,
                    -0.12120718006110959
                ],
                [
                    -0.0670942,
                    0.061123,
                    -0.995873,
                    -0.7607802816065324
                ],
                [
                    0.0,
                    0.0,
                    0.0,
                    1.0
                ]
            ]
        },
        {
            "file_path": "images/105_color.png",
            "distmap_path": "distmaps/105_color.png",
            "near": 0.33830386031062626,
            "far": 1.5341399759002878,
            "transform_matrix": [
                [
                    0.948076,
                    0.314881,
                    -0.0447375,
                    -0.03598349178191091
                ],
                [
                    0.310856,
                    -0.947173,
                    -0.0789479,
                    -0.11010998084734683
                ],
                [
                    -0.0672334,
                    0.0609417,
                    -0.995874,
                    -0.7586693018730196
                ],
                [
                    0.0,
                    0.0,
                    0.0,
                    1.0
                ]
            ]
        },
        {
            "file_path": "images/110_color.png",
            "distmap_path": "distmaps/110_color.png",
            "near": 0.33674381678435455,
            "far": 1.5333790318257576,
            "transform_matrix": [
                [
                    0.948115,
                    0.314766,
                    -0.0447226,
                    -0.03743239906945211
                ],
                [
                    0.310742,
                    -0.94721,
                    -0.0789461,
                    -0.10808217604423226
                ],
                [
                    -0.0672113,
                    0.0609528,
                    -0.995875,
                    -0.7589238171600389
                ],
                [
                    0.0,
                    0.0,
                    0.0,
                    1.0
                ]
            ]
        },
        {
            "file_path": "images/115_color.png",
            "distmap_path": "distmaps/115_color.png",
            "near": 0.33626424976022556,
            "far": 1.5328337820834992,
            "transform_matrix": [
                [
                    0.94814,
                    0.31472,
                    -0.0445193,
                    -0.03775179080218217
                ],
                [
                    0.310697,
                    -0.947211,
                    -0.0791112,
                    -0.10662495126365129
                ],
                [
                    -0.067067,
                    0.0611765,
                    -0.995871,
                    -0.7591151194999552
                ],
                [
                    0.0,
                    0.0,
                    0.0,
                    1.0
                ]
            ]
        },
        {
            "file_path": "images/120_color.png",
            "distmap_path": "distmaps/120_color.png",
            "near": 0.33816788816243487,
            "far": 1.5277721995825329,
            "transform_matrix": [
                [
                    0.948134,
                    0.314753,
                    -0.0444019,
                    -0.03427008821570257
                ],
                [
                    0.310735,
                    -0.947196,
                    -0.0791505,
                    -0.10592295485108826
                ],
                [
                    -0.0669701,
                    0.0612481,
                    -0.995873,
                    -0.7542760020493728
                ],
                [
                    0.0,
                    0.0,
                    0.0,
                    1.0
                ]
            ]
        },
        {
            "file_path": "images/130_color.png",
            "distmap_path": "distmaps/130_color.png",
            "near": 0.34805789396177733,
            "far": 1.5069902341308972,
            "transform_matrix": [
                [
                    0.948186,
                    0.314588,
                    -0.0444662,
                    -0.01728244043112068
                ],
                [
                    0.310572,
                    -0.947256,
                    -0.0790641,
                    -0.10314491217577959
                ],
                [
                    -0.0669935,
                    0.0611575,
                    -0.995877,
                    -0.7341942468539682
                ],
                [
                    0.0,
                    0.0,
                    0.0,
                    1.0
                ]
            ]
        },
        {
            "file_path": "images/135_color.png",
            "distmap_path": "distmaps/135_color.png",
            "near": 0.3407142633993126,
            "far": 1.4911386555601807,
            "transform_matrix": [
                [
                    0.948151,
                    0.314695,
                    -0.0444553,
                    -0.004678111478537751
                ],
                [
                    0.310662,
                    -0.947206,
                    -0.0793109,
                    -0.10070455971788868
                ],
                [
                    -0.067067,
                    0.0613881,
                    -0.995858,
                    -0.7188667706801395
                ],
                [
                    0.0,
                    0.0,
                    0.0,
                    1.0
                ]
            ]
        },
        {
            "file_path": "images/140_color.png",
            "distmap_path": "distmaps/140_color.png",
            "near": 0.3288325314940136,
            "far": 1.4751756004824443,
            "transform_matrix": [
                [
                    0.948194,
                    0.314675,
                    -0.0436775,
                    0.005938336637521902
                ],
                [
                    0.310663,
                    -0.947171,
                    -0.0797185,
                    -0.09796810450777933
                ],
                [
                    -0.0664554,
                    0.0620197,
                    -0.99586,
                    -0.7035160055257994
                ],
                [
                    0.0,
                    0.0,
                    0.0,
                    1.0
                ]
            ]
        },
        {
            "file_path": "images/145_color.png",
            "distmap_path": "distmaps/145_color.png",
            "near": 0.3171695048847704,
            "far": 1.459426727516685,
            "transform_matrix": [
                [
                    0.94824,
                    0.314582,
                    -0.0433517,
                    0.017057161333188277
                ],
                [
                    0.310552,
                    -0.947159,
                    -0.0803031,
                    -0.09503036596610565
                ],
                [
                    -0.0663228,
                    0.0626836,
                    -0.995827,
                    -0.6882966567614889
                ],
                [
                    0.0,
                    0.0,
                    0.0,
                    1.0
                ]
            ]
        },
        {
            "file_path": "images/155_color.png",
            "distmap_path": "distmaps/155_color.png",
            "near": 0.28936445110649534,
            "far": 1.4203079650236836,
            "transform_matrix": [
                [
                    0.948331,
                    0.314665,
                    -0.0406724,
                    0.03810540921982313
                ],
                [
                    0.310635,
                    -0.946905,
                    -0.0829251,
                    -0.08700731217986996
                ],
                [
                    -0.0646065,
                    0.0660062,
                    -0.995726,
                    -0.6507930806448222
                ],
                [
                    0.0,
                    0.0,
                    0.0,
                    1.0
                ]
            ]
        },
        {
            "file_path": "images/160_color.png",
            "distmap_path": "distmaps/160_color.png",
            "near": 0.27944441580628526,
            "far": 1.4025737936465277,
            "transform_matrix": [
                [
                    0.948477,
                    0.314456,
                    -0.0388352,
                    0.04508378588025408
                ],
                [
                    0.310429,
                    -0.946805,
                    -0.0848212,
                    -0.08164751966499315
                ],
                [
                    -0.063442,
                    0.0683954,
                    -0.995639,
                    -0.6347486365709588
                ],
                [
                    0.0,
                    0.0,
                    0.0,
                    1.0
                ]
            ]
        },
        {
            "file_path": "images/165_color.png",
            "distmap_path": "distmaps/165_color.png",
            "near": 0.27067039903030315,
            "far": 1.3847251905978482,
            "transform_matrix": [
                [
                    0.94858,
                    0.314427,
                    -0.0364864,
                    0.05070142067936618
                ],
                [
                    0.310434,
                    -0.946617,
                    -0.0868776,
                    -0.07687826915594528
                ],
                [
                    -0.0618552,
                    0.0710838,
                    -0.995551,
                    -0.6182800003520634
                ],
                [
                    0.0,
                    0.0,
                    0.0,
                    1.0
                ]
            ]
        },
        {
            "file_path": "images/170_color.png",
            "distmap_path": "distmaps/170_color.png",
            "near": 0.2661618380498338,
            "far": 1.36624500572701,
            "transform_matrix": [
                [
                    0.948707,
                    0.314372,
                    -0.0335602,
                    0.05426297119902835
                ],
                [
                    0.310416,
                    -0.946352,
                    -0.0897734,
                    -0.07055697444566213
                ],
                [
                    -0.0599819,
                    0.074751,
                    -0.995397,
                    -0.6021773338269212
                ],
                [
                    0.0,
                    0.0,
                    0.0,
                    1.0
                ]
            ]
        },
        {
            "file_path": "images/180_color.png",
            "distmap_path": "distmaps/180_color.png",
            "near": 0.25848557085929097,
            "far": 1.331037249717912,
            "transform_matrix": [
                [
                    0.94911,
                    0.313804,
                    -0.0267764,
                    0.056641774208424374
                ],
                [
                    0.310011,
                    -0.94585,
                    -0.0962375,
                    -0.05703772125869612
                ],
                [
                    -0.0555261,
                    0.0830389,
                    -0.994998,
                    -0.5727217639756099
                ],
                [
                    0.0,
                    0.0,
                    0.0,
                    1.0
                ]
            ]
        },
        {
            "file_path": "images/185_color.png",
            "distmap_path": "distmaps/185_color.png",
            "near": 0.2581226909408955,
            "far": 1.31559272359181,
            "transform_matrix": [
                [
                    0.949253,
                    0.313655,
                    -0.0232173,
                    0.05452247698187154
                ],
                [
                    0.309966,
                    -0.945484,
                    -0.0999034,
                    -0.050177452999431
                ],
                [
                    -0.0532868,
                    0.087637,
                    -0.994726,
                    -0.56060650361377
                ],
                [
                    0.0,
                    0.0,
                    0.0,
                    1.0
                ]
            ]
        },
        {
            "file_path": "images/190_color.png",
            "distmap_path": "distmaps/190_color.png",
            "near": 0.2601414726141432,
            "far": 1.3008704486859997,
            "transform_matrix": [
                [
                    0.949422,
                    0.313413,
                    -0.0192409,
                    0.05078126861254875
                ],
                [
                    0.309883,
                    -0.945097,
                    -0.103752,
                    -0.04357003652857721
                ],
                [
                    -0.0507018,
                    0.0925422,
                    -0.994417,
                    -0.5493046940712268
                ],
                [
                    0.0,
                    0.0,
                    0.0,
                    1.0
                ]
            ]
        },
        {
            "file_path": "images/195_color.png",
            "distmap_path": "distmaps/195_color.png",
            "near": 0.26683594088934115,
            "far": 1.2844130278942436,
            "transform_matrix": [
                [
                    0.949626,
                    0.313023,
                    -0.0150828,
                    0.046921951842060126
                ],
                [
                    0.309677,
                    -0.944682,
                    -0.108059,
                    -0.03572996758921819
                ],
                [
                    -0.0480733,
                    0.0979445,
                    -0.99403,
                    -0.5368534069905773
                ],
                [
                    0.0,
                    0.0,
                    0.0,
                    1.0
                ]
            ]
        },
        {
            "file_path": "images/205_color.png",
            "distmap_path": "distmaps/205_color.png",
            "near": 0.3092765880232049,
            "far": 1.2596592591694762,
            "transform_matrix": [
                [
                    0.949978,
                    0.312244,
                    -0.00665858,
                    0.03495806985354533
                ],
                [
                    0.309397,
                    -0.943795,
                    -0.116293,
                    -0.02172996330454907
                ],
                [
                    -0.042596,
                    0.108415,
                    -0.993193,
                    -0.5198957021809387
                ],
                [
                    0.0,
                    0.0,
                    0.0,
                    1.0
                ]
            ]
        },
        {
            "file_path": "images/210_color.png",
            "distmap_path": "distmaps/210_color.png",
            "near": 0.33375888351212923,
            "far": 1.2464385914596279,
            "transform_matrix": [
                [
                    0.950162,
                    0.31175,
                    -0.00201012,
                    0.028390577349282714
                ],
                [
                    0.309238,
                    -0.943286,
                    -0.120763,
                    -0.014578582788889249
                ],
                [
                    -0.0395438,
                    0.114122,
                    -0.992679,
                    -0.5105884274693508
                ],
                [
                    0.0,
                    0.0,
                    0.0,
                    1.0
                ]
            ]
        },
        {
            "file_path": "images/215_color.png",
            "distmap_path": "distmaps/215_color.png",
            "near": 0.35609962440953774,
            "far": 1.2348964081119729,
            "transform_matrix": [
                [
                    0.950396,
                    0.311032,
                    0.00263222,
                    0.01973040359619482
                ],
                [
                    0.308899,
                    -0.942821,
                    -0.125181,
                    -0.006595452969244854
                ],
                [
                    -0.0364536,
                    0.119785,
                    -0.99213,
                    -0.503600069817272
                ],
                [
                    0.0,
                    0.0,
                    0.0,
                    1.0
                ]
            ]
        },
        {
            "file_path": "images/220_color.png",
            "distmap_path": "distmaps/220_color.png",
            "near": 0.3491454762570374,
            "far": 1.2242118213251159,
            "transform_matrix": [
                [
                    0.950527,
                    0.310574,
                    0.0064367,
                    0.014084489320747257
                ],
                [
                    0.308769,
                    -0.942326,
                    -0.129163,
                    -0.0003207362199848472
                ],
                [
                    -0.0340492,
                    0.124761,
                    -0.991602,
                    -0.4963089554185428
                ],
                [
                    0.0,
                    0.0,
                    0.0,
                    1.0
                ]
            ]
        },
        {
            "file_path": "images/230_color.png",
            "distmap_path": "distmaps/230_color.png",
            "near": 0.3314791353718382,
            "far": 1.2067831899246542,
            "transform_matrix": [
                [
                    0.950807,
                    0.309447,
                    0.0144174,
                    0.0003905687799444727
                ],
                [
                    0.308437,
                    -0.941319,
                    -0.137062,
                    0.012187109813335857
                ],
                [
                    -0.028842,
                    0.134766,
                    -0.990458,
                    -0.4857623742440178
                ],
                [
                    0.0,
                    0.0,
                    0.0,
                    1.0
                ]
            ]
        },
        {
            "file_path": "images/235_color.png",
            "distmap_path": "distmaps/235_color.png",
            "near": 0.32433295191461015,
            "far": 1.1990096146138038,
            "transform_matrix": [
                [
                    0.950939,
                    0.308856,
                    0.0179788,
                    -0.005378444392492882
                ],
                [
                    0.308248,
                    -0.940898,
                    -0.140338,
                    0.017728223676481306
                ],
                [
                    -0.0264281,
                    0.138995,
                    -0.98994,
                    -0.4809249202920432
                ],
                [
                    0.0,
                    0.0,
                    0.0,
                    1.0
                ]
            ]
        },
        {
            "file_path": "images/240_color.png",
            "distmap_path": "distmaps/240_color.png",
            "near": 0.31830515987872876,
            "far": 1.1906692772608791,
            "transform_matrix": [
                [
                    0.95102,
                    0.308399,
                    0.0212066,
                    -0.010681677954698753
                ],
                [
                    0.308167,
                    -0.940428,
                    -0.143627,
                    0.022549042642376158
                ],
                [
                    -0.024351,
                    0.143127,
                    -0.989405,
                    -0.4751226371474465
                ],
                [
                    0.0,
                    0.0,
                    0.0,
                    1.0
                ]
            ]
        },
        {
            "file_path": "images/245_color.png",
            "distmap_path": "distmaps/245_color.png",
            "near": 0.31201181059581995,
            "far": 1.184702728915672,
            "transform_matrix": [
                [
                    0.951137,
                    0.307818,
                    0.0242292,
                    -0.015722078736845623
                ],
                [
                    0.30796,
                    -0.940034,
                    -0.14662,
                    0.027541201964891855
                ],
                [
                    -0.0223559,
                    0.146917,
                    -0.988896,
                    -0.47174407147466113
                ],
                [
                    0.0,
                    0.0,
                    0.0,
                    1.0
                ]
            ]
        },
        {
            "file_path": "images/255_color.png",
            "distmap_path": "distmaps/255_color.png",
            "near": 0.30414827012476825,
            "far": 1.1732905428137512,
            "transform_matrix": [
                [
                    0.951271,
                    0.306957,
                    0.0293519,
                    -0.02285183377060172
                ],
                [
                    0.307773,
                    -0.939304,
                    -0.151601,
                    0.03497205024669045
                ],
                [
                    -0.0189645,
                    0.153247,
                    -0.988006,
                    -0.4641052858668662
                ],
                [
                    0.0,
                    0.0,
                    0.0,
                    1.0
                ]
            ]
        },
        {
            "file_path": "images/260_color.png",
            "distmap_path": "distmaps/260_color.png",
            "near": 0.3002035958020082,
            "far": 1.1685454348065352,
            "transform_matrix": [
                [
                    0.951317,
                    0.306593,
                    0.0315728,
                    -0.02629527588909806
                ],
                [
                    0.307715,
                    -0.938951,
                    -0.153889,
                    0.03871658561322929
                ],
                [
                    -0.0175359,
                    0.156112,
                    -0.987584,
                    -0.4612573762500229
                ],
                [
                    0.0,
                    0.0,
                    0.0,
                    1.0
                ]
            ]
        },
        {
            "file_path": "images/265_color.png",
            "distmap_path": "distmaps/265_color.png",
            "near": 0.29731916018042726,
            "far": 1.1648213088720805,
            "transform_matrix": [
                [
                    0.951373,
                    0.306228,
                    0.0333781,
                    -0.02892027669247355
                ],
                [
                    0.307609,
                    -0.938702,
