{
    "camera_model": "FISHEYE_OPENCV",
    "fx": 767.3861511125845,
    "fy": 767.5058656118406,
    "cx": 679.054265997005,
    "cy": 543.646891684636,
    "k1": -0.18867185058223412,
    "k2": -0.003927337093919806,
    "k3": 0.030524814153620117,
    "k4": -0.012756926010904904,
    "p1": 0,
    "p2": 0,
    "w": 1350,
    "h": 1080,
    "camera_angle_x": 1.4428692492187012,
    "camera_angle_y": 1.2262461230200543,
    "scene_scale": 0.021417951028696907,
    "dist_ftype": "png",
    "distmap": "dense",
    "rgb_mask": "rgb_mask.png",
    "scene_T": [
        [
            1.0,
            0.0,
            0.0,
            -51.41198957122015
        ],
        [
            0.0,
            1.0,
            0.0,
            -52.15956721131634
        ],
        [
            0.0,
            0.0,
            1.0,
            37.264807331157655
        ],
        [
            0.0,
            0.0,
            0.0,
            1.0
        ]
    ],
    "distmap_scale": 3.141592653589793,
    "frames": [
        {
            "file_path": "images/0_color.png",
            "distmap_path": "distmaps/0_color.png",
            "near": 0.42318299158975686,
            "far": 1.4699336043789497,
            "transform_matrix": [
                [
                    0.638471,
                    -0.769597,
                    -0.0086107,
                    0.029402786535291235
                ],
                [
                    -0.769571,
                    -0.638213,
                    -0.0210989,
                    0.09521206176939002
                ],
                [
                    0.0107422,
                    0.0200976,
                    -0.99974,
                    -0.6528254157216146
                ],
                [
                    0.0,
                    0.0,
                    0.0,
                    1.0
                ]
            ]
        },
        {
            "file_path": "images/5_color.png",
            "distmap_path": "distmaps/5_color.png",
            "near": 0.4266568040765157,
            "far": 1.4745372368033631,
            "transform_matrix": [
                [
                    0.631563,
                    -0.775278,
                    -0.00852405,
                    0.03285964383132292
                ],
                [
                    -0.775259,
                    -0.631327,
                    -0.0200008,
                    0.1017702383743771
                ],
                [
                    0.0101247,
                    0.0192401,
                    -0.999764,
                    -0.6557960855292948
                ],
                [
                    0.0,
                    0.0,
                    0.0,
                    1.0
                ]
            ]
        },
        {
            "file_path": "images/10_color.png",
            "distmap_path": "distmaps/10_color.png",
            "near": 0.430062892513768,
            "far": 1.4793427342112775,
            "transform_matrix": [
                [
                    0.624243,
                    -0.781184,
                    -0.00848284,
                    0.03582174645859173
                ],
                [
                    -0.781174,
                    -0.62403,
                    -0.0188319,
                    0.10805426520619674
                ],
                [
                    0.00941761,
                    0.0183822,
                    -0.999787,
                    -0.6578393580574328
                ],
                [
                    0.0,
                    0.0,
                    0.0,
                    1.0
                ]
            ]
        },
        {
            "file_path": "images/15_color.png",
            "distmap_path": "distmaps/15_color.png",
            "near": 0.43299648750575565,
            "far": 1.4847581811777155,
            "transform_matrix": [
                [
                    0.616701,
                    -0.787152,
                    -0.00848956,
                    0.03855896060005921
                ],
                [
                    -0.78715,
                    -0.616509,
                    -0.0176314,
                    0.11442610563723406
                ],
                [
                    0.00864472,
                    0.0175559,
                    -0.999808,
                    -0.6604373555172135
                ],
                [
                    0.0,
                    0.0,
                    0.0,
                    1.0
                ]
            ]
        },
        {
            "file_path": "images/20_color.png",
            "distmap_path": "distmaps/20_color.png",
            "near": 0.43883484599571665,
            "far": 1.4926686857505196,
            "transform_matrix": [
                [
                    0.606531,
                    -0.795016,
                    -0.00827765,
                    0.043849194504147336
                ],
                [
                    -0.795022,
                    -0.606369,
                    -0.0160342,
                    0.12180030617641449
                ],
                [
                    0.00772813,
                    0.0163061,
                    -0.999837,
                    -0.6646331321237354
                ],
                [
                    0.0,
                    0.0,
                    0.0,
                    1.0
                ]
            ]
        },
        {
            "file_path": "images/30_color.png",
            "distmap_path": "distmaps/30_color.png",
            "near": 0.4570076112605786,
            "far": 1.5081017007145479,
            "transform_matrix": [
                [
                    0.58505,
                    -0.810956,
                    -0.00813393,
                    0.05359650401730733
                ],
                [
                    -0.810978,
                    -0.584938,
                    -0.0127239,
                    0.13946583218488362
                ],
                [
                    0.00556071,
                    0.0140406,
                    -0.999886,
                    -0.6716196677492964
                ],
                [
                    0.0,
                    0.0,
                    0.0,
                    1.0
                ]
            ]
        },
        {
            "file_path": "images/35_color.png",
            "distmap_path": "distmaps/35_color.png",
            "near": 0.4682267986522887,
            "far": 1.5158446490710669,
            "transform_matrix": [
                [
                    0.57194,
                    -0.820258,
                    -0.00779108,
                    0.05818208733255138
                ],
                [
                    -0.820284,
                    -0.571856,
                    -0.0107174,
                    0.14736905611447276
                ],
                [
                    0.00433566,
                    0.0125206,
                    -0.999912,
                    -0.6754384884177128
                ],
                [
                    0.0,
                    0.0,
                    0.0,
                    1.0
                ]
            ]
        },
        {
            "file_path": "images/40_color.png",
            "distmap_path": "distmaps/40_color.png",
            "near": 0.48008878013939305,
            "far": 1.5258773230453855,
            "transform_matrix": [
                [
                    0.558082,
                    -0.829753,
                    -0.00738273,
                    0.0624399759970563
                ],
                [
                    -0.829781,
                    -0.558023,
                    -0.00865325,
                    0.15698357433125484
                ],
                [
                    0.00306033,
                    0.0109553,
                    -0.999935,
                    -0.6809257674712651
                ],
                [
                    0.0,
                    0.0,
                    0.0,
                    1.0
                ]
            ]
        },
        {
            "file_path": "images/45_color.png",
            "distmap_path": "distmaps/45_color.png",
            "near": 0.49154173407872076,
            "far": 1.5344815251343569,
            "transform_matrix": [
                [
                    0.544795,
                    -0.83854,
                    -0.00699127,
                    0.0670576862388434
                ],
                [
                    -0.838567,
                    -0.544757,
                    -0.00669008,
                    0.16545437396310445
                ],
                [
                    0.00180136,
                    0.00950735,
                    -0.999953,
                    -0.6853035966615306
                ],
                [
                    0.0,
                    0.0,
                    0.0,
                    1.0
                ]
            ]
        },
        {
            "file_path": "images/55_color.png",
            "distmap_path": "distmaps/55_color.png",
            "near": 0.4843934791449621,
            "far": 1.5535512516517171,
            "transform_matrix": [
                [
                    0.511441,
                    -0.859295,
                    -0.00626437,
                    0.07975210581355191
                ],
                [
                    -0.859317,
                    -0.511441,
                    -0.00178087,
                    0.181421456454998
                ],
                [
                    -0.00167356,
                    0.00629387,
                    -0.999979,
                    -0.6953678918499152
                ],
                [
                    0.0,
                    0.0,
                    0.0,
                    1.0
                ]
            ]
        },
        {
            "file_path": "images/60_color.png",
            "distmap_path": "distmaps/60_color.png",
            "near": 0.47491277868987575,
            "far": 1.5630609505812543,
            "transform_matrix": [
                [
                    0.495972,
                    -0.868321,
                    -0.00546802,
                    0.08471464506690106
                ],
                [
                    -0.868333,
                    -0.495981,
                    0.000385348,
                    0.18927756089232395
                ],
                [
                    -0.00304664,
                    0.00455693,
                    -0.999985,
                    -0.7006538421637978
                ],
                [
                    0.0,
                    0.0,
                    0.0,
                    1.0
                ]
            ]
        },
        {
            "file_path": "images/65_color.png",
            "distmap_path": "distmaps/65_color.png",
            "near": 0.4620962911242345,
            "far": 1.5720401011646474,
            "transform_matrix": [
                [
                    0.475915,
                    -0.879477,
                    -0.00491595,
                    0.09123641115513921
                ],
                [
                    -0.879476,
                    -0.475933,
                    0.00326411,
                    0.195375251550194
                ],
                [
                    -0.00521039,
                    0.00276999,
                    -0.999983,
                    -0.7057298965575989
                ],
                [
                    0.0,
                    0.0,
                    0.0,
                    1.0
                ]
            ]
        },
        {
            "file_path": "images/70_color.png",
            "distmap_path": "distmaps/70_color.png",
            "near": 0.44945536937619,
            "far": 1.5804315550878043,
            "transform_matrix": [
                [
                    0.456761,
                    -0.889578,
                    -0.00446168,
                    0.09738550489547815
                ],
                [
                    -0.889559,
                    -0.456781,
                    0.0059566,
                    0.2022868243471546
                ],
                [
                    -0.00733687,
                    0.00124816,
                    -0.999972,
                    -0.7099406657298407
                ],
                [
                    0.0,
                    0.0,
                    0.0,
                    1.0
                ]
            ]
        },
        {
            "file_path": "images/80_color.png",
            "distmap_path": "distmaps/80_color.png",
            "near": 0.4135808720040219,
            "far": 1.6000973778631764,
            "transform_matrix": [
                [
                    0.412247,
                    -0.911069,
                    -0.00229438,
                    0.10864063816105839
                ],
                [
                    -0.910995,
                    -0.412243,
                    0.012008,
                    0.21288871010635949
                ],
                [
                    -0.011886,
                    -0.00286011,
                    -0.999925,
                    -0.7227314660841785
                ],
                [
                    0.0,
                    0.0,
                    0.0,
                    1.0
                ]
            ]
        },
        {
            "file_path": "images/85_color.png",
            "distmap_path": "distmaps/85_color.png",
            "near": 0.3960239976346253,
            "far": 1.6101233977840417,
            "transform_matrix": [
                [
                    0.386771,
                    -0.922175,
                    -0.00113646,
                    0.11529519554567445
                ],
                [
                    -0.92206,
                    -0.386741,
                    0.0153879,
                    0.21771203267802205
                ],
                [
                    -0.0146298,
                    -0.00490371,
                    -0.999881,
                    -0.7292382396066965
                ],
                [
                    0.0,
                    0.0,
                    0.0,
                    1.0
                ]
            ]
        },
        {
            "file_path": "images/90_color.png",
            "distmap_path": "distmaps/90_color.png",
            "near": 0.38853307968851714,
            "far": 1.616113754712283,
            "transform_matrix": [
                [
                    0.364951,
                    -0.931027,
                    -9.71556e-05,
                    0.1197137188428946
                ],
                [
                    -0.930871,
                    -0.364892,
                    0.0182669,
                    0.21920272206961938
                ],
                [
                    -0.0170424,
                    -0.00657611,
                    -0.999833,
                    -0.7335796582802135
                ],
                [
                    0.0,
                    0.0,
                    0.0,
                    1.0
                ]
            ]
        },
        {
            "file_path": "images/95_color.png",
            "distmap_path": "distmaps/95_color.png",
            "near": 0.38171168587977733,
            "far": 1.6243446213195172,
            "transform_matrix": [
                [
                    0.337328,
                    -0.941387,
                    0.00105987,
                    0.12546658048920273
                ],
                [
                    -0.94117,
                    -0.337226,
                    0.0218543,
                    0.2215437041170559
                ],
                [
                    -0.0202159,
                    -0.00836959,
                    -0.999761,
                    -0.7394952963543397
                ],
                [
                    0.0,
                    0.0,
                    0.0,
                    1.0
                ]
            ]
        },
        {
            "file_path": "images/105_color.png",
            "distmap_path": "distmaps/105_color.png",
            "near": 0.3781470353636529,
            "far": 1.637662045502537,
            "transform_matrix": [
                [
                    0.279516,
                    -0.96013,
                    0.00467662,
                    0.13315348311340203
                ],
                [
                    -0.959773,
                    -0.279271,
                    0.029061,
                    0.21864157175266746
                ],
                [
                    -0.0265963,
                    -0.0126115,
                    -0.999567,
                    -0.7521533054122994
                ],
                [
                    0.0,
                    0.0,
                    0.0,
                    1.0
                ]
            ]
        },
        {
            "file_path": "images/110_color.png",
            "distmap_path": "distmaps/110_color.png",
            "near": 0.37867299854110714,
            "far": 1.6426144020531546,
            "transform_matrix": [
                [
                    0.250676,
                    -0.968047,
                    0.00677296,
                    0.13502755382841297
                ],
                [
                    -0.967613,
                    -0.250336,
                    0.032494,
                    0.2161485222529272
                ],
                [
                    -0.0297602,
                    -0.0146991,
                    -0.999449,
                    -0.757683420367909
                ],
                [
                    0.0,
                    0.0,
                    0.0,
                    1.0
                ]
            ]
        },
        {
            "file_path": "images/115_color.png",
            "distmap_path": "distmaps/115_color.png",
            "near": 0.3812698746140048,
            "far": 1.6472697946199535,
            "transform_matrix": [
                [
                    0.219274,
                    -0.975623,
                    0.00884887,
                    0.1352053228219511
                ],
                [
                    -0.975091,
                    -0.218826,
                    0.0362472,
                    0.21029927982699007
                ],
                [
                    -0.0334273,
                    -0.0165765,
                    -0.999304,
                    -0.7646421126571327
                ],
                [
                    0.0,
                    0.0,
                    0.0,
                    1.0
                ]
            ]
        },
        {
            "file_path": "images/120_color.png",
            "distmap_path": "distmaps/120_color.png",
            "near": 0.38256552731908083,
            "far": 1.6516967792301744,
            "transform_matrix": [
                [
                    0.190775,
                    -0.981571,
                    0.0110854,
                    0.1359977870100129
                ],
                [
                    -0.980948,
                    -0.190208,
                    0.0395123,
                    0.20488053821672975
                ],
                [
                    -0.0366756,
                    -0.0184122,
                    -0.999158,
                    -0.7710246620636844
                ],
                [
                    0.0,
                    0.0,
                    0.0,
                    1.0
                ]
            ]
        },
        {
            "file_path": "images/130_color.png",
            "distmap_path": "distmaps/130_color.png",
            "near": 0.3895530176844574,
            "far": 1.6553086816826865,
            "transform_matrix": [
                [
                    0.134758,
                    -0.990758,
                    0.0154327,
                    0.13287933334023472
                ],
                [
                    -0.989931,
                    -0.133932,
                    0.045816,
                    0.18942748654952496
                ],
                [
                    -0.0433257,
                    -0.0214514,
                    -0.998831,
                    -0.7812795770162243
                ],
                [
                    0.0,
                    0.0,
                    0.0,
                    1.0
                ]
            ]
        },
        {
            "file_path": "images/135_color.png",
            "distmap_path": "distmaps/135_color.png",
            "near": 0.39509381656502757,
            "far": 1.6547531532882973,
            "transform_matrix": [
                [
                    0.106967,
                    -0.994103,
                    0.0177891,
                    0.12871782545535881
                ],
                [
                    -0.993165,
                    -0.105992,
                    0.048877,
                    0.17786821837933717
                ],
                [
                    -0.0467033,
                    -0.0228958,
                    -0.998646,
                    -0.7860000934229491
                ],
                [
                    0.0,
                    0.0,
                    0.0,
                    1.0
                ]
            ]
        },
        {
            "file_path": "images/140_color.png",
            "distmap_path": "distmaps/140_color.png",
            "near": 0.3993013028485551,
            "far": 1.6553144201357504,
            "transform_matrix": [
                [
                    0.0825794,
                    -0.996387,
                    0.0198123,
                    0.12585210360771915
                ],
                [
                    -0.995347,
                    -0.0814701,
                    0.0514501,
                    0.17002282291752557
                ],
                [
                    -0.0496502,
                    -0.0239689,
                    -0.998479,
                    -0.7900352353967556
                ],
                [
                    0.0,
                    0.0,
                    0.0,
                    1.0
                ]
            ]
        },
        {
            "file_path": "images/145_color.png",
            "distmap_path": "distmaps/145_color.png",
            "near": 0.4064306404034884,
            "far": 1.6540382800070412,
            "transform_matrix": [
                [
                    0.0569115,
                    -0.998134,
                    0.022108,
                    0.12103949001157098
                ],
                [
                    -0.99698,
                    -0.0556456,
                    0.0541799,
                    0.15758756055026407
                ],
                [
                    -0.0528486,
                    -0.0251246,
                    -0.998286,
                    -0.794235295593483
                ],
                [
                    0.0,
                    0.0,
                    0.0,
                    1.0
                ]
            ]
        },
        {
            "file_path": "images/155_color.png",
            "distmap_path": "distmaps/155_color.png",
            "near": 0.43395453708597204,
            "far": 1.652851463192886,
            "transform_matrix": [
                [
                    0.0136521,
                    -0.999562,
                    0.0262425,
                    0.10934314695479969
                ],
                [
                    -0.998208,
                    -0.0120951,
                    0.0586005,
                    0.13749538069024353
                ],
                [
                    -0.0582574,
                    -0.0269955,
                    -0.997937,
                    -0.8024319454521653
                ],
                [
                    0.0,
                    0.0,
                    0.0,
                    1.0
                ]
            ]
        },
        {
            "file_path": "images/160_color.png",
            "distmap_path": "distmaps/160_color.png",
            "near": 0.4572125477126379,
            "far": 1.650510347299964,
            "transform_matrix": [
                [
                    -0.00884955,
                    -0.999559,
                    0.0283432,
                    0.10456266028519441
                ],
                [
                    -0.998092,
                    0.0105616,
                    0.0608301,
                    0.12688064416042127
                ],
                [
                    -0.0611026,
                    -0.0277509,
                    -0.997746,
                    -0.8045587479893149
                ],
                [
                    0.0,
                    0.0,
                    0.0,
                    1.0
                ]
            ]
        },
        {
            "file_path": "images/165_color.png",
            "distmap_path": "distmaps/165_color.png",
            "near": 0.491748909360106,
            "far": 1.6501793530766657,
            "transform_matrix": [
                [
                    -0.0297974,
                    -0.999094,
                    0.0303876,
                    0.0977710280139947
                ],
                [
                    -0.997518,
                    0.0316634,
                    0.0628887,
                    0.11496583800315718
                ],
                [
                    -0.0637939,
                    -0.0284382,
                    -0.997558,
                    -0.8093820705609776
                ],
                [
                    0.0,
                    0.0,
                    0.0,
                    1.0
                ]
            ]
        },
        {
            "file_path": "images/170_color.png",
            "distmap_path": "distmaps/170_color.png",
            "near": 0.5164133999035107,
            "far": 1.6482424086598904,
            "transform_matrix": [
                [
                    -0.0461001,
                    -0.998423,
                    0.0320254,
                    0.091388478607443
                ],
                [
                    -0.996759,
                    0.0480916,
                    0.0644831,
                    0.10493366974131564
                ],
                [
                    -0.0659216,
                    -0.028949,
                    -0.997405,
                    -0.8118172915929406
                ],
                [
                    0.0,
                    0.0,
                    0.0,
                    1.0
                ]
            ]
        },
        {
            "file_path": "images/180_color.png",
            "distmap_path": "distmaps/180_color.png",
            "near": 0.5255663643614186,
            "far": 1.6453573830994983,
            "transform_matrix": [
                [
                    -0.0822854,
                    -0.995958,
                    0.0360093,
                    0.07739398940529248
                ],
                [
                    -0.994103,
                    0.0845856,
                    0.0678577,
                    0.08382842079763775
                ],
                [
                    -0.0706293,
                    -0.0302133,
                    -0.997045,
                    -0.8178314522417987
                ],
                [
                    0.0,
                    0.0,
                    0.0,
                    1.0
                ]
            ]
        },
        {
            "file_path": "images/185_color.png",
            "distmap_path": "distmaps/185_color.png",
            "near": 0.5275507667079604,
            "far": 1.6500524052126313,
            "transform_matrix": [
                [
                    -0.0969888,
                    -0.994574,
                    0.037633,
                    0.06989770654524853
                ],
                [
                    -0.992636,
                    0.0994188,
                    0.0692146,
                    0.07408539487468348
                ],
                [
                    -0.0725805,
                    -0.0306428,
                    -0.996892,
                    -0.8200289340173428
                ],
                [
                    0.0,
                    0.0,
                    0.0,
                    1.0
                ]
            ]
        },
        {
            "file_path": "images/190_color.png",
            "distmap_path": "distmaps/190_color.png",
            "near": 0.5136473646067234,
            "far": 1.655209185371063,
            "transform_matrix": [
                [
                    -0.110489,
                    -0.993117,
                    0.0388598,
                    0.06432475568758164
                ],
                [
                    -0.991083,
                    0.113024,
                    0.0705734,
                    0.06559960267711375
                ],
                [
                    -0.0744798,
                    -0.0307158,
                    -0.996749,
                    -0.8219372734539998
                ],
                [
                    0.0,
                    0.0,
                    0.0,
                    1.0
                ]
            ]
        },
        {
            "file_path": "images/195_color.png",
            "distmap_path": "distmaps/195_color.png",
            "near": 0.49215265569454836,
            "far": 1.6609153965369123,
            "transform_matrix": [
                [
                    -0.124421,
                    -0.991398,
                    0.0406094,
                    0.05709619721539647
                ],
                [
                    -0.989291,
                    0.127096,
                    0.0717627,
                    0.05723803459551049
                ],
                [
                    -0.0763067,
                    -0.0312457,
                    -0.996595,
                    -0.8244217557733287
                ],
                [
                    0.0,
                    0.0,
                    0.0,
                    1.0
                ]
            ]
        },
        {
            "file_path": "images/205_color.png",
            "distmap_path": "distmaps/205_color.png",
            "near": 0.4023083092041632,
            "far": 1.6721892317027536,
            "transform_matrix": [
                [
                    -0.147344,
                    -0.988135,
                    0.0433515,
                    0.043195946997772156
                ],
                [
                    -0.985898,
                    0.150245,
                    0.0737079,
                    0.04051489843230396
                ],
                [
                    -0.0793467,
                    -0.0318797,
                    -0.996337,
                    -0.8290887273024816
                ],
                [
                    0.0,
                    0.0,
                    0.0,
                    1.0
                ]
            ]
        },
        {
            "file_path": "images/210_color.png",
            "distmap_path": "distmaps/210_color.png",
            "near": 0.39657435340922514,
            "far": 1.6766417628730284,
            "transform_matrix": [
                [
                    -0.157048,
                    -0.9866,
                    0.0442335,
                    0.04052941209469929
                ],
                [
                    -0.984291,
                    0.160024,
                    0.0745831,
                    0.033828214121144694
                ],
                [
                    -0.0806621,
                    -0.0318255,
                    -0.996233,
                    -0.8307036408100454
                ],
                [
                    0.0,
                    0.0,
                    0.0,
                    1.0
                ]
            ]
        },
        {
            "file_path": "images/215_color.png",
            "distmap_path": "distmaps/215_color.png",
            "near": 0.3874970398806341,
            "far": 1.6784185190781291,
            "transform_matrix": [
                [
                    -0.165516,
                    -0.985167,
                    0.0452772,
                    0.0344038781004921
                ],
                [
                    -0.982807,
                    0.16858,
                    0.075308,
                    0.028043225548293672
                ],
                [
                    -0.0818238,
                    -0.0320341,
                    -0.996132,
                    -0.8301382069028876
                ],
                [
                    0.0,
                    0.0,
                    0.0,
                    1.0
                ]
            ]
        },
        {
            "file_path": "images/220_color.png",
            "distmap_path": "distmaps/220_color.png",
            "near": 0.38082641103441983,
            "far": 1.6831391871531762,
            "transform_matrix": [
                [
                    -0.173553,
                    -0.983736,
                    0.0462864,
                    0.030130996870267057
                ],
                [
                    -0.981328,
                    0.176703,
                    0.0759697,
                    0.02184701231569172
                ],
                [
                    -0.0829131,
                    -0.0322373,
                    -0.996035,
                    -0.8322328825134944
                ],
                [
                    0.0,
                    0.0,
                    0.0,
                    1.0
                ]
            ]
        },
        {
            "file_path": "images/230_color.png",
            "distmap_path": "distmaps/230_color.png",
            "near": 0.3696187189812984,
            "far": 1.689571728813051,
            "transform_matrix": [
                [
                    -0.184815,
                    -0.981617,
                    0.0476568,
                    0.02225347448191228
                ],
                [
                    -0.979136,
                    0.188083,
                    0.0769302,
                    0.013845265811370484
                ],
                [
                    -0.0844795,
                    -0.0324446,
                    -0.995897,
                    -0.835293507715495
                ],
                [
                    0.0,
                    0.0,
                    0.0,
                    1.0
                ]
            ]
        },
        {
            "file_path": "images/235_color.png",
            "distmap_path": "distmaps/235_color.png",
            "near": 0.3660144852819571,
            "far": 1.6909625094793808,
            "transform_matrix": [
                [
                    -0.189364,
                    -0.980727,
                    0.0481252,
                    0.019606215734765273
                ],
                [
                    -0.978211,
                    0.192673,
                    0.0773344,
                    0.0103455726132815
                ],
                [
                    -0.0851164,
                    -0.0324323,
                    -0.995843,
                    -0.8351350148778827
                ],
                [
                    0.0,
                    0.0,
                    0.0,
                    1.0
                ]
            ]
        },
        {
            "file_path": "images/240_color.png",
            "distmap_path": "distmaps/240_color.png",
            "near": 0.36321298084641807,
            "far": 1.6915957306730742,
            "transform_matrix": [
                [
                    -0.19274,
                    -0.98005,
                    0.0485056,
                    0.017524390894776067
                ],
                [
                    -0.977512,
                    0.196082,
                    0.0776057,
                    0.008223053666337637
                ],
                [
                    -0.0855686,
                    -0.0324571,
                    -0.995803,
                    -0.8348608651047154
                ],
                [
                    0.0,
                    0.0,
                    0.0,
                    1.0
                ]
            ]
        },
        {
            "file_path": "images/245_color.png",
            "distmap_path": "distmaps/245_color.png",
            "near": 0.3624816117143878,
            "far": 1.693170994298127,
            "transform_matrix": [
                [
                    -0.195156,
                    -0.979562,
                    0.0487164,
                    0.017044628791733157
                ],
                [
                    -0.977001,
                    0.198517,
                    0.077842,
                    0.005950609062192788
                ],
                [
                    -0.085922,
                    -0.0324046,
                    -0.995775,
                    -0.8354134482412559
                ],
                [
                    0.0,
                    0.0,
                    0.0,
                    1.0
                ]
            ]
        },
        {
            "file_path": "images/255_color.png",
            "distmap_path": "distmaps/255_color.png",
            "near": 0.3612883419239503,
            "far": 1.6939126620350757,
            "transform_matrix": [
                [
                    -0.196208,
                    -0.979348,
                    0.0487842,
                    0.016117231512190536
                ],
                [
                    -0.97677,
                    0.199578,
                    0.0780327,
                    0.005862795462975259
                ],
                [
                    -0.0861574,
                    -0.0323403,
                    -0.995757,
                    -0.8361245242154084
                ],
                [
                    0.0,
                    0.0,
                    0.0,
                    1.0
                ]
            ]
        },
        {
            "file_path": "images/260_color.png",
            "distmap_path": "distmaps/260_color.png",
            "near": 0.35859994650342314,
            "far": 1.6929987227155006,
            "transform_matrix": [
                [
                    -0.195277,
                    -0.979509,
                    0.0492815,
                    0.013724846382285112
                ],
                [
                    -0.976922,
                    0.198704,
                    0.0783568,
                    0.006569587846922132
                ],
                [
                    -0.0865436,
                    -0.0328429,
                    -0.995706,
                    -0.835621202366234
                ],
                [
                    0.0,
                    0.0,
                    0.0,
                    1.0
                ]
            ]
        },
        {
            "file_path": "images/265_color.png",
            "distmap_path": "distmaps/265_color.png",
            "near": 0.3605205818774122,
            "far": 1.6925998694434692,
            "transform_matrix": [
                [
                    -0.192679,
                    -0.980006,
                    0.0496202,
                    0.01515342371589929
                ],
