{
    "camera_model": "FISHEYE_OPENCV",
    "fx": 767.3861511125845,
    "fy": 767.5058656118406,
    "cx": 679.054265997005,
    "cy": 543.646891684636,
    "k1": -0.18867185058223412,
    "k2": -0.003927337093919806,
    "k3": 0.030524814153620117,
    "k4": -0.012756926010904904,
    "p1": 0,
    "p2": 0,
    "w": 1350,
    "h": 1080,
    "camera_angle_x": 1.4428692492187012,
    "camera_angle_y": 1.2262461230200543,
    "scene_scale": 0.018593839380553142,
    "dist_ftype": "png",
    "distmap": "dense",
    "rgb_mask": "rgb_mask.png",
    "scene_T": [
        [
            1.0,
            0.0,
            0.0,
            -54.853036541864675
        ],
        [
            0.0,
            1.0,
            0.0,
            -38.478920776762315
        ],
        [
            0.0,
            0.0,
            1.0,
            54.351497693445786
        ],
        [
            0.0,
            0.0,
            0.0,
            1.0
        ]
    ],
    "distmap_scale": 3.141592653589793,
    "frames": [
        {
            "file_path": "images/0_color.png",
            "distmap_path": "distmaps/0_color.png",
            "near": 0.14382783676869304,
            "far": 1.502599006496408,
            "transform_matrix": [
                [
                    0.718728,
                    0.693296,
                    -0.0526324,
                    0.026092055349167843
                ],
                [
                    0.673115,
                    -0.712774,
                    -0.197151,
                    0.005955220433809813
                ],
                [
                    -0.174199,
                    0.10627,
                    -0.97896,
                    -0.2525973508725129
                ],
                [
                    0.0,
                    0.0,
                    0.0,
                    1.0
                ]
            ]
        },
        {
            "file_path": "images/5_color.png",
            "distmap_path": "distmaps/5_color.png",
            "near": 0.1464522767253796,
            "far": 1.501256641629105,
            "transform_matrix": [
                [
                    0.720365,
                    0.691645,
                    -0.0519785,
                    0.026025117527397744
                ],
                [
                    0.672174,
                    -0.714634,
                    -0.1936,
                    0.0047577771777022075
                ],
                [
                    -0.171048,
                    0.104524,
                    -0.979703,
                    -0.260496013841372
                ],
                [
                    0.0,
                    0.0,
                    0.0,
                    1.0
                ]
            ]
        },
        {
            "file_path": "images/10_color.png",
            "distmap_path": "distmaps/10_color.png",
            "near": 0.14908179609220307,
            "far": 1.5014414126537838,
            "transform_matrix": [
                [
                    0.721514,
                    0.690484,
                    -0.0514743,
                    0.0262389466802742
                ],
                [
                    0.671593,
                    -0.715983,
                    -0.190608,
                    0.0027422049888501878
                ],
                [
                    -0.168466,
                    0.102956,
                    -0.980316,
                    -0.2670410453033268
                ],
                [
                    0.0,
                    0.0,
                    0.0,
                    1.0
                ]
            ]
        },
        {
            "file_path": "images/15_color.png",
            "distmap_path": "distmaps/15_color.png",
            "near": 0.153120017853517,
            "far": 1.5024874548079703,
            "transform_matrix": [
                [
                    0.722726,
                    0.689271,
                    -0.0507172,
                    0.02572575671337094
                ],
                [
                    0.670987,
                    -0.717355,
                    -0.18756,
                    0.000557428861635199
                ],
                [
                    -0.165662,
                    0.101524,
                    -0.980943,
                    -0.27489508305767235
                ],
                [
                    0.0,
                    0.0,
                    0.0,
                    1.0
                ]
            ]
        },
        {
            "file_path": "images/20_color.png",
            "distmap_path": "distmaps/20_color.png",
            "near": 0.15597171419058797,
            "far": 1.5003919744482257,
            "transform_matrix": [
                [
                    0.724019,
                    0.687959,
                    -0.050097,
                    0.025629068748592027
                ],
                [
                    0.670162,
                    -0.718768,
                    -0.185081,
                    0.0002264585206614638
                ],
                [
                    -0.163336,
                    0.100429,
                    -0.981446,
                    -0.28138433300148546
                ],
                [
                    0.0,
                    0.0,
                    0.0,
                    1.0
                ]
            ]
        },
        {
            "file_path": "images/30_color.png",
            "distmap_path": "distmaps/30_color.png",
            "near": 0.16380869231172143,
            "far": 1.5031695330289094,
            "transform_matrix": [
                [
                    0.726038,
                    0.685931,
                    -0.0486628,
                    0.024254984018369116
                ],
                [
                    0.669123,
                    -0.721019,
                    -0.180016,
                    -0.0033416992564667576
                ],
                [
                    -0.158565,
                    0.0981369,
                    -0.982459,
                    -0.2942326760134477
                ],
                [
                    0.0,
                    0.0,
                    0.0,
                    1.0
                ]
            ]
        },
        {
            "file_path": "images/35_color.png",
            "distmap_path": "distmaps/35_color.png",
            "near": 0.16739850007468343,
            "far": 1.5034108984700065,
            "transform_matrix": [
                [
                    0.726965,
                    0.68499,
                    -0.0480595,
                    0.023663699926067584
                ],
                [
                    0.668622,
                    -0.722061,
                    -0.177691,
                    -0.004544720664388583
                ],
                [
                    -0.156418,
                    0.0970414,
                    -0.982912,
                    -0.30014737632040145
                ],
                [
                    0.0,
                    0.0,
                    0.0,
                    1.0
                ]
            ]
        },
        {
            "file_path": "images/40_color.png",
            "distmap_path": "distmaps/40_color.png",
            "near": 0.16963965881462156,
            "far": 1.5028793230425221,
            "transform_matrix": [
                [
                    0.727882,
                    0.684043,
                    -0.0476794,
                    0.023788278649917196
                ],
                [
                    0.668032,
                    -0.723091,
                    -0.175706,
                    -0.005383302820451491
                ],
                [
                    -0.154667,
                    0.0960417,
                    -0.983287,
                    -0.30434400586859234
                ],
                [
                    0.0,
                    0.0,
                    0.0,
                    1.0
                ]
            ]
        },
        {
            "file_path": "images/45_color.png",
            "distmap_path": "distmaps/45_color.png",
            "near": 0.17255832828558895,
            "far": 1.50131066744385,
            "transform_matrix": [
                [
                    0.72872,
                    0.683185,
                    -0.0471885,
                    0.023864513391377483
                ],
                [
                    0.667529,
                    -0.724023,
                    -0.17377,
                    -0.006104743788416989
                ],
                [
                    -0.152882,
                    0.0951298,
                    -0.983655,
                    -0.3097287817532007
                ],
                [
                    0.0,
                    0.0,
                    0.0,
                    1.0
                ]
            ]
        },
        {
            "file_path": "images/55_color.png",
            "distmap_path": "distmaps/55_color.png",
            "near": 0.1778439213231226,
            "far": 1.5005475386316833,
            "transform_matrix": [
                [
                    0.730139,
                    0.68173,
                    -0.0462735,
                    0.023466605228633648
                ],
                [
                    0.666707,
                    -0.725608,
                    -0.170279,
                    -0.008096143986074148
                ],
                [
                    -0.14966,
                    0.0934762,
                    -0.984309,
                    -0.31801419658117513
                ],
                [
                    0.0,
                    0.0,
                    0.0,
                    1.0
                ]
            ]
        },
        {
            "file_path": "images/60_color.png",
            "distmap_path": "distmaps/60_color.png",
            "near": 0.1803948197214562,
            "far": 1.4997797040558531,
            "transform_matrix": [
                [
                    0.730715,
                    0.681137,
                    -0.0459161,
                    0.022947837109916304
                ],
                [
                    0.666348,
                    -0.72624,
                    -0.168984,
                    -0.008672553006871272
                ],
                [
                    -0.148447,
                    0.0928828,
                    -0.984549,
                    -0.3217682927521087
                ],
                [
                    0.0,
                    0.0,
                    0.0,
                    1.0
                ]
            ]
        },
        {
            "file_path": "images/65_color.png",
            "distmap_path": "distmaps/65_color.png",
            "near": 0.1822045291906269,
            "far": 1.499946749303658,
            "transform_matrix": [
                [
                    0.731234,
                    0.680599,
                    -0.0456245,
                    0.023286244986642373
                ],
                [
                    0.666057,
                    -0.726841,
                    -0.167541,
                    -0.009771448914261979
                ],
                [
                    -0.14719,
                    0.0921232,
                    -0.984809,
                    -0.3247767759638822
                ],
                [
                    0.0,
                    0.0,
                    0.0,
                    1.0
                ]
            ]
        },
        {
            "file_path": "images/70_color.png",
            "distmap_path": "distmaps/70_color.png",
            "near": 0.18438173766677354,
            "far": 1.4988362176458352,
            "transform_matrix": [
                [
                    0.731735,
                    0.680084,
                    -0.0452739,
                    0.02292552450265956
                ],
                [
                    0.665733,
                    -0.727378,
                    -0.166494,
                    -0.010132169398244793
                ],
                [
                    -0.146161,
                    0.0916894,
                    -0.985003,
                    -0.3280809012218065
                ],
                [
                    0.0,
                    0.0,
                    0.0,
                    1.0
                ]
            ]
        },
        {
            "file_path": "images/80_color.png",
            "distmap_path": "distmaps/80_color.png",
            "near": 0.18726031845636118,
            "far": 1.4996424242380304,
            "transform_matrix": [
                [
                    0.732418,
                    0.679377,
                    -0.0448511,
                    0.022828836537880776
                ],
                [
                    0.665341,
                    -0.728156,
                    -0.164649,
                    -0.011656864227450164
                ],
                [
                    -0.144517,
                    0.0907507,
                    -0.985332,
                    -0.33222174925185577
                ],
                [
                    0.0,
                    0.0,
                    0.0,
                    1.0
                ]
            ]
        },
        {
            "file_path": "images/85_color.png",
            "distmap_path": "distmaps/85_color.png",
            "near": 0.188463934834054,
            "far": 1.499481975503965,
            "transform_matrix": [
                [
                    0.732676,
                    0.679113,
                    -0.0446356,
                    0.02264847629588937
                ],
                [
                    0.665195,
                    -0.728439,
                    -0.163991,
                    -0.011984115800547798
                ],
                [
                    -0.143882,
                    0.0904605,
                    -0.985452,
                    -0.33398444522513204
                ],
                [
                    0.0,
                    0.0,
                    0.0,
                    1.0
                ]
            ]
        },
        {
            "file_path": "images/90_color.png",
            "distmap_path": "distmaps/90_color.png",
            "near": 0.18880181264070084,
            "far": 1.4992710477353273,
            "transform_matrix": [
                [
                    0.732885,
                    0.678891,
                    -0.0445711,
                    0.02283255530575688
                ],
                [
                    0.665054,
                    -0.72868,
                    -0.16349,
                    -0.012021303479308949
                ],
                [
                    -0.14347,
                    0.0901769,
                    -0.985538,
                    -0.33475980832730123
                ],
                [
                    0.0,
                    0.0,
                    0.0,
                    1.0
                ]
            ]
        },
        {
            "file_path": "images/95_color.png",
            "distmap_path": "distmaps/95_color.png",
            "near": 0.1891235594572128,
            "far": 1.4985101069399636,
            "transform_matrix": [
                [
                    0.733108,
                    0.678656,
                    -0.0444931,
                    0.022951555877792403
                ],
                [
                    0.664886,
                    -0.728925,
                    -0.163082,
                    -0.011891146603645117
                ],
                [
                    -0.143108,
                    0.0899735,
                    -0.985609,
                    -0.3355277338937182
                ],
                [
                    0.0,
                    0.0,
                    0.0,
                    1.0
                ]
            ]
        },
        {
            "file_path": "images/105_color.png",
            "distmap_path": "distmaps/105_color.png",
            "near": 0.19027272248134447,
            "far": 1.5003180178738995,
            "transform_matrix": [
                [
                    0.733069,
                    0.678706,
                    -0.0443745,
                    0.022196645998941857
                ],
                [
                    0.664969,
                    -0.728884,
                    -0.162926,
                    -0.012716713072141603
                ],
                [
                    -0.142923,
                    0.0899286,
                    -0.98564,
                    -0.3362528936295595
                ],
                [
                    0.0,
                    0.0,
                    0.0,
                    1.0
                ]
            ]
        },
        {
            "file_path": "images/110_color.png",
            "distmap_path": "distmaps/110_color.png",
            "near": 0.19056071977073696,
            "far": 1.499692395175086,
            "transform_matrix": [
                [
                    0.733159,
                    0.678616,
                    -0.0442601,
                    0.022356553017614637
                ],
                [
                    0.664931,
                    -0.728982,
                    -0.162643,
                    -0.012599571884044192
                ],
                [
                    -0.142637,
                    0.089813,
                    -0.985692,
                    -0.33700036597265803
                ],
                [
                    0.0,
                    0.0,
                    0.0,
                    1.0
                ]
            ]
        },
        {
            "file_path": "images/115_color.png",
            "distmap_path": "distmaps/115_color.png",
            "near": 0.19145281969617203,
            "far": 1.4991085592557583,
            "transform_matrix": [
                [
                    0.733245,
                    0.678532,
                    -0.0441115,
                    0.022008848221198377
                ],
                [
                    0.6649,
                    -0.72907,
                    -0.162375,
                    -0.012521477758645786
                ],
                [
                    -0.142337,
                    0.089731,
                    -0.985743,
                    -0.33823127813965054
                ],
                [
                    0.0,
                    0.0,
                    0.0,
                    1.0
                ]
            ]
        },
        {
            "file_path": "images/120_color.png",
            "distmap_path": "distmaps/120_color.png",
            "near": 0.19210868821269048,
            "far": 1.498733252079063,
            "transform_matrix": [
                [
                    0.733342,
                    0.678432,
                    -0.044031,
                    0.021848941202525597
                ],
                [
                    0.664862,
                    -0.729188,
                    -0.161997,
                    -0.012625603259176906
                ],
                [
                    -0.142011,
                    0.0895245,
                    -0.985808,
                    -0.33914609503717374
                ],
                [
                    0.0,
                    0.0,
                    0.0,
                    1.0
                ]
            ]
        },
        {
            "file_path": "images/130_color.png",
            "distmap_path": "distmaps/130_color.png",
            "near": 0.19507787008258826,
            "far": 1.4960279502865599,
            "transform_matrix": [
                [
                    0.733858,
                    0.677916,
                    -0.043393,
                    0.021382235834073678
                ],
                [
                    0.664628,
                    -0.729744,
                    -0.16045,
                    -0.011935771818158341
                ],
                [
                    -0.140437,
                    0.0889073,
                    -0.98609,
                    -0.3441534159823567
                ],
                [
                    0.0,
                    0.0,
                    0.0,
                    1.0
                ]
            ]
        },
        {
            "file_path": "images/135_color.png",
            "distmap_path": "distmaps/135_color.png",
            "near": 0.19651742622094132,
            "far": 1.4954914331942686,
            "transform_matrix": [
                [
                    0.734082,
                    0.67769,
                    -0.0431294,
                    0.021181422368763643
                ],
                [
                    0.664552,
                    -0.730006,
                    -0.159567,
                    -0.01209567883683112
                ],
                [
                    -0.139622,
                    0.0884734,
                    -0.986245,
                    -0.346312160734439
                ],
                [
                    0.0,
                    0.0,
                    0.0,
                    1.0
                ]
            ]
        },
        {
            "file_path": "images/140_color.png",
            "distmap_path": "distmaps/140_color.png",
            "near": 0.1988752974150125,
            "far": 1.4955314018187333,
            "transform_matrix": [
                [
                    0.734377,
                    0.677395,
                    -0.04274,
                    0.02058456012464789
                ],
                [
                    0.664476,
                    -0.730358,
                    -0.15827,
                    -0.012389461499043837
                ],
                [
                    -0.138427,
                    0.0878303,
                    -0.98647,
                    -0.3495158792597082
                ],
                [
                    0.0,
                    0.0,
                    0.0,
                    1.0
                ]
            ]
        },
        {
            "file_path": "images/145_color.png",
            "distmap_path": "distmaps/145_color.png",
            "near": 0.20119878644154976,
            "far": 1.4933785559741142,
            "transform_matrix": [
                [
                    0.73478,
                    0.67699,
                    -0.0422292,
                    0.02051018476712572
                ],
                [
                    0.664294,
                    -0.730794,
                    -0.157018,
                    -0.011768427263733488
                ],
                [
                    -0.137161,
                    0.0873211,
                    -0.986693,
                    -0.35362697714674857
                ],
                [
                    0.0,
                    0.0,
                    0.0,
                    1.0
                ]
            ]
        },
        {
            "file_path": "images/155_color.png",
            "distmap_path": "distmaps/155_color.png",
            "near": 0.20703884613415494,
            "far": 1.4932015285495595,
            "transform_matrix": [
                [
                    0.735543,
                    0.676225,
                    -0.0411837,
                    0.01949310175300952
                ],
                [
                    0.664047,
                    -0.731671,
                    -0.153946,
                    -0.012231413864309173
                ],
                [
                    -0.134235,
                    0.0858857,
                    -0.987221,
                    -0.3620202362431301
                ],
                [
                    0.0,
                    0.0,
                    0.0,
                    1.0
                ]
            ]
        },
        {
            "file_path": "images/160_color.png",
            "distmap_path": "distmaps/160_color.png",
            "near": 0.21044027790327904,
            "far": 1.494278034583012,
            "transform_matrix": [
                [
                    0.736029,
                    0.675731,
                    -0.0406176,
                    0.018766082633229805
                ],
                [
                    0.663867,
                    -0.732243,
                    -0.151993,
                    -0.012683244161256685
                ],
                [
                    -0.132449,
                    0.0849069,
                    -0.987547,
                    -0.36666125855251624
                ],
                [
                    0.0,
                    0.0,
                    0.0,
                    1.0
                ]
            ]
        },
        {
            "file_path": "images/165_color.png",
            "distmap_path": "distmaps/165_color.png",
            "near": 0.21417840291441675,
            "far": 1.4945743898458215,
            "transform_matrix": [
                [
                    0.73651,
                    0.675248,
                    -0.0399184,
                    0.017894031566281846
                ],
                [
                    0.663711,
                    -0.732794,
                    -0.150004,
                    -0.012783650893911569
                ],
                [
                    -0.130542,
                    0.0839852,
                    -0.987879,
                    -0.37183778343606233
                ],
                [
                    0.0,
                    0.0,
                    0.0,
                    1.0
                ]
            ]
        },
        {
            "file_path": "images/170_color.png",
            "distmap_path": "distmaps/170_color.png",
            "near": 0.21831356967347537,
            "far": 1.493872030924452,
            "transform_matrix": [
                [
                    0.737136,
                    0.674613,
                    -0.0390865,
                    0.017550045537741688
                ],
                [
                    0.663425,
                    -0.73348,
                    -0.147899,
                    -0.01201200655961863
                ],
                [
                    -0.128443,
                    0.0830903,
                    -0.98823,
                    -0.37847950286279575
                ],
                [
                    0.0,
                    0.0,
                    0.0,
                    1.0
                ]
            ]
        },
        {
            "file_path": "images/180_color.png",
            "distmap_path": "distmaps/180_color.png",
            "near": 0.22729122558969794,
            "far": 1.4971208887900331,
            "transform_matrix": [
                [
                    0.738254,
                    0.673479,
                    -0.0375193,
                    0.015932381511633505
                ],
                [
                    0.66301,
                    -0.734762,
                    -0.143328,
                    -0.012634900178867228
                ],
                [
                    -0.124096,
                    0.0809364,
                    -0.988964,
                    -0.3908072183721027
                ],
                [
                    0.0,
                    0.0,
                    0.0,
                    1.0
                ]
            ]
        },
        {
            "file_path": "images/185_color.png",
            "distmap_path": "distmaps/185_color.png",
            "near": 0.23074305917290416,
            "far": 1.49843698800161,
            "transform_matrix": [
                [
                    0.738991,
                    0.672718,
                    -0.036634,
                    0.015272300213623887
                ],
                [
                    0.662691,
                    -0.73562,
                    -0.14037,
                    -0.012709275536389397
                ],
                [
                    -0.121378,
                    0.079455,
                    -0.989421,
                    -0.397815236434633
                ],
                [
                    0.0,
                    0.0,
                    0.0,
                    1.0
                ]
            ]
        },
        {
            "file_path": "images/190_color.png",
            "distmap_path": "distmaps/190_color.png",
            "near": 0.23353765818020011,
            "far": 1.5010257090288222,
            "transform_matrix": [
                [
                    0.739681,
                    0.672024,
                    -0.0354423,
                    0.013814543206188482
                ],
                [
                    0.662443,
                    -0.736387,
                    -0.137491,
                    -0.013356341146832726
                ],
                [
                    -0.118496,
                    0.0782207,
                    -0.989869,
                    -0.40683696730207747
                ],
                [
                    0.0,
                    0.0,
                    0.0,
                    1.0
                ]
            ]
        },
        {
            "file_path": "images/195_color.png",
            "distmap_path": "distmaps/195_color.png",
            "near": 0.23516964249714728,
            "far": 1.5026557512900163,
            "transform_matrix": [
                [
                    0.740279,
                    0.67141,
                    -0.0345755,
                    0.01315260252424088
                ],
                [
                    0.662215,
                    -0.737084,
                    -0.134826,
                    -0.014022000596656429
                ],
                [
                    -0.116008,
                    0.0769121,
                    -0.990266,
                    -0.4139621265527055
                ],
                [
                    0.0,
                    0.0,
                    0.0,
                    1.0
                ]
            ]
        },
        {
            "file_path": "images/205_color.png",
            "distmap_path": "distmaps/205_color.png",
            "near": 0.23800554336886387,
            "far": 1.5030017757274778,
            "transform_matrix": [
                [
                    0.741812,
                    0.669827,
                    -0.032357,
                    0.011215124460787266
                ],
                [
                    0.661503,
                    -0.738812,
                    -0.128731,
                    -0.014087079034488411
                ],
                [
                    -0.110133,
                    0.07409,
                    -0.991152,
                    -0.43096619266622116
                ],
                [
                    0.0,
                    0.0,
                    0.0,
                    1.0
                ]
            ]
        },
        {
            "file_path": "images/210_color.png",
            "distmap_path": "distmaps/210_color.png",
            "near": 0.23863205202047494,
            "far": 1.5032651406440456,
            "transform_matrix": [
                [
                    0.742466,
                    0.669147,
                    -0.0314039,
                    0.01046951150162704
                ],
                [
                    0.661179,
                    -0.739546,
                    -0.126152,
                    -0.014010844293028124
                ],
                [
                    -0.107639,
                    0.0728999,
                    -0.991514,
                    -0.4384223222578232
                ],
                [
                    0.0,
                    0.0,
                    0.0,
                    1.0
                ]
            ]
        },
        {
            "file_path": "images/215_color.png",
            "distmap_path": "distmaps/215_color.png",
            "near": 0.23871846069134342,
            "far": 1.503861833494406,
            "transform_matrix": [
                [
                    0.743073,
                    0.66851,
                    -0.0306154,
                    0.010149697464281477
                ],
                [
                    0.660862,
                    -0.740239,
                    -0.123726,
                    -0.013752389925638443
                ],
                [
                    -0.105375,
                    0.0717049,
                    -0.991844,
                    -0.44463638337880396
                ],
                [
                    0.0,
                    0.0,
                    0.0,
                    1.0
                ]
            ]
        },
        {
            "file_path": "images/220_color.png",
            "distmap_path": "distmaps/220_color.png",
            "near": 0.23908763331053895,
            "far": 1.5051810634128613,
            "transform_matrix": [
                [
                    0.743688,
                    0.667866,
                    -0.0297045,
                    0.009346443603041604
                ],
                [
                    0.660533,
                    -0.740921,
                    -0.121377,
                    -0.013228043655106877
                ],
                [
                    -0.103072,
                    0.0706458,
                    -0.992162,
                    -0.4519177308802285
                ],
                [
                    0.0,
                    0.0,
                    0.0,
                    1.0
                ]
            ]
        },
        {
            "file_path": "images/230_color.png",
            "distmap_path": "distmaps/230_color.png",
            "near": 0.24003327997027593,
            "far": 1.5108448468764393,
            "transform_matrix": [
                [
                    0.744672,
                    0.666835,
                    -0.0281932,
                    0.0081527191148101
                ],
                [
                    0.660054,
                    -0.742047,
                    -0.117026,
                    -0.013815608979532308
                ],
                [
                    -0.0989573,
                    0.0685366,
                    -0.992729,
                    -0.463494255278561
                ],
                [
                    0.0,
                    0.0,
                    0.0,
                    1.0
                ]
            ]
        },
        {
            "file_path": "images/235_color.png",
            "distmap_path": "distmaps/235_color.png",
            "near": 0.2406416444915808,
            "far": 1.5136066574694496,
            "transform_matrix": [
                [
                    0.745108,
                    0.666376,
                    -0.0275206,
                    0.007379215396579043
                ],
                [
                    0.659816,
                    -0.742533,
                    -0.115269,
                    -0.013884406185240393
                ],
                [
                    -0.0972475,
                    0.0677293,
                    -0.992953,
                    -0.46857223281339005
                ],
                [
                    0.0,
                    0.0,
                    0.0,
                    1.0
                ]
            ]
        },
        {
            "file_path": "images/240_color.png",
            "distmap_path": "distmaps/240_color.png",
            "near": 0.2405957073428812,
            "far": 1.5152885368455171,
            "transform_matrix": [
                [
                    0.745522,
                    0.665939,
                    -0.026874,
                    0.006795368840029714
                ],
                [
                    0.659573,
                    -0.742985,
                    -0.113738,
                    -0.01331171593231937
                ],
                [
                    -0.0957097,
                    0.067069,
                    -0.993147,
                    -0.47344753749897095
                ],
                [
                    0.0,
                    0.0,
                    0.0,
                    1.0
                ]
            ]
        },
        {
            "file_path": "images/245_color.png",
            "distmap_path": "distmaps/245_color.png",
            "near": 0.2412738260323443,
            "far": 1.518856955136659,
            "transform_matrix": [
                [
                    0.745871,
                    0.665577,
                    -0.0261654,
                    0.005971661755471213
                ],
                [
                    0.659414,
                    -0.743372,
                    -0.112122,
                    -0.01372078039869151
                ],
                [
                    -0.0940762,
                    0.0663745,
                    -0.99335,
                    -0.47899222040225203
                ],
                [
                    0.0,
                    0.0,
                    0.0,
                    1.0
                ]
            ]
        },
        {
            "file_path": "images/255_color.png",
            "distmap_path": "distmaps/255_color.png",
            "near": 0.24141436880944583,
            "far": 1.5229761041930758,
            "transform_matrix": [
                [
                    0.746417,
                    0.664998,
                    -0.0253077,
                    0.005614660039364633
                ],
                [
                    0.65913,
                    -0.744001,
                    -0.109594,
                    -0.014235829749532887
                ],
                [
                    -0.0917089,
                    0.0651218,
                    -0.993654,
                    -0.48558931461447224
                ],
                [
                    0.0,
                    0.0,
                    0.0,
                    1.0
                ]
            ]
        },
        {
            "file_path": "images/260_color.png",
            "distmap_path": "distmaps/260_color.png",
            "near": 0.241872485430355,
            "far": 1.5247545123347812,
            "transform_matrix": [
                [
                    0.746674,
                    0.664725,
                    -0.0248786,
                    0.004954578741355015
                ],
                [
                    0.658985,
                    -0.744288,
                    -0.108508,
                    -0.014170751311700903
                ],
                [
                    -0.0906446,
                    0.0646252,
                    -0.993784,
                    -0.4886684544158918
                ],
                [
                    0.0,
                    0.0,
                    0.0,
                    1.0
                ]
            ]
        },
        {
            "file_path": "images/265_color.png",
            "distmap_path": "distmaps/265_color.png",
            "near": 0.24208715680314152,
            "far": 1.5266263161225169,
            "transform_matrix": [
                [
                    0.746891,
                    0.664496,
                    -0.0244732,
                    0.004565967498301369
                ],
                [
                    0.658869,
                    -0.744528,
