{
    "camera_model": "FISHEYE_OPENCV",
    "fx": 767.3861511125845,
    "fy": 767.5058656118406,
    "cx": 679.054265997005,
    "cy": 543.646891684636,
    "k1": -0.18867185058223412,
    "k2": -0.003927337093919806,
    "k3": 0.030524814153620117,
    "k4": -0.012756926010904904,
    "p1": 0,
    "p2": 0,
    "w": 1350,
    "h": 1080,
    "camera_angle_x": 1.4428692492187012,
    "camera_angle_y": 1.2262461230200543,
    "scene_scale": 0.012817942086951332,
    "dist_ftype": "png",
    "distmap": "dense",
    "rgb_mask": "rgb_mask.png",
    "scene_T": [
        [
            1.0,
            0.0,
            0.0,
            -63.994390089593416
        ],
        [
            0.0,
            1.0,
            0.0,
            -99.1086285301531
        ],
        [
            0.0,
            0.0,
            1.0,
            93.32501150121487
        ],
        [
            0.0,
            0.0,
            0.0,
            1.0
        ]
    ],
    "distmap_scale": 3.141592653589793,
    "frames": [
        {
            "file_path": "images/0_color.png",
            "distmap_path": "distmaps/0_color.png",
            "near": 0.15538979577688275,
            "far": 1.704862406565456,
            "transform_matrix": [
                [
                    -0.722732,
                    -0.584096,
                    -0.369447,
                    -0.12449926266533193
                ],
                [
                    -0.35428,
                    -0.145876,
                    0.923692,
                    0.4394166341617631
                ],
                [
                    -0.593418,
                    0.798469,
                    -0.101504,
                    -0.09066115695910054
                ],
                [
                    0.0,
                    0.0,
                    0.0,
                    1.0
                ]
            ]
        },
        {
            "file_path": "images/5_color.png",
            "distmap_path": "distmaps/5_color.png",
            "near": 0.15490088340925978,
            "far": 1.7038854505274936,
            "transform_matrix": [
                [
                    -0.723621,
                    -0.583708,
                    -0.368317,
                    -0.12341871014740195
                ],
                [
                    -0.353266,
                    -0.145213,
                    0.924184,
                    0.43821174760558973
                ],
                [
                    -0.592938,
                    0.798873,
                    -0.101125,
                    -0.09108414904796995
                ],
                [
                    0.0,
                    0.0,
                    0.0,
                    1.0
                ]
            ]
        },
        {
            "file_path": "images/10_color.png",
            "distmap_path": "distmaps/10_color.png",
            "near": 0.15400203958846592,
            "far": 1.7018699518555196,
            "transform_matrix": [
                [
                    -0.72425,
                    -0.583513,
                    -0.367388,
                    -0.12307262571105425
                ],
                [
                    -0.352599,
                    -0.144472,
                    0.924555,
                    0.4369427713389817
                ],
                [
                    -0.592567,
                    0.79915,
                    -0.101113,
                    -0.08993053426014429
                ],
                [
                    0.0,
                    0.0,
                    0.0,
                    1.0
                ]
            ]
        },
        {
            "file_path": "images/15_color.png",
            "distmap_path": "distmaps/15_color.png",
            "near": 0.153449772892294,
            "far": 1.7000687603807922,
            "transform_matrix": [
                [
                    -0.72533,
                    -0.58308,
                    -0.365942,
                    -0.1222625317711589
                ],
                [
                    -0.351248,
                    -0.143709,
                    0.925188,
                    0.43505853385219995
                ],
                [
                    -0.592048,
                    0.799603,
                    -0.100569,
                    -0.08975108307092702
                ],
                [
                    0.0,
                    0.0,
                    0.0,
                    1.0
                ]
            ]
        },
        {
            "file_path": "images/20_color.png",
            "distmap_path": "distmaps/20_color.png",
            "near": 0.15253171440125304,
            "far": 1.6973884353035087,
            "transform_matrix": [
                [
                    -0.726757,
                    -0.58255,
                    -0.363949,
                    -0.12125119614049848
                ],
                [
                    -0.34949,
                    -0.142538,
                    0.926035,
                    0.4325462172031575
                ],
                [
                    -0.591338,
                    0.800199,
                    -0.100005,
                    -0.08904609625614479
                ],
                [
                    0.0,
                    0.0,
                    0.0,
                    1.0
                ]
            ]
        },
        {
            "file_path": "images/30_color.png",
            "distmap_path": "distmaps/30_color.png",
            "near": 0.1508544042441802,
            "far": 1.6913369076114075,
            "transform_matrix": [
                [
                    -0.729811,
                    -0.581481,
                    -0.359521,
                    -0.11897857500848197
                ],
                [
                    -0.345738,
                    -0.139753,
                    0.927866,
                    0.42695759445324666
                ],
                [
                    -0.58978,
                    0.801467,
                    -0.0990473,
                    -0.08750794320571058
                ],
                [
                    0.0,
                    0.0,
                    0.0,
                    1.0
                ]
            ]
        },
        {
            "file_path": "images/35_color.png",
            "distmap_path": "distmaps/35_color.png",
            "near": 0.15065837561602374,
            "far": 1.6873461924650266,
            "transform_matrix": [
                [
                    -0.731931,
                    -0.580681,
                    -0.356493,
                    -0.11793903990523023
                ],
                [
                    -0.343139,
                    -0.137884,
                    0.929109,
                    0.42274049150663956
                ],
                [
                    -0.588671,
                    0.80237,
                    -0.0983329,
                    -0.08720031259562373
                ],
                [
                    0.0,
                    0.0,
                    0.0,
                    1.0
                ]
            ]
        },
        {
            "file_path": "images/40_color.png",
            "distmap_path": "distmaps/40_color.png",
            "near": 0.14908242146642614,
            "far": 1.682140042408886,
            "transform_matrix": [
                [
                    -0.734256,
                    -0.579917,
                    -0.352935,
                    -0.11644959503472649
                ],
                [
                    -0.340161,
                    -0.135628,
                    0.930535,
                    0.41821575794994564
                ],
                [
                    -0.587501,
                    0.803306,
                    -0.0976793,
                    -0.08608515163405892
                ],
                [
                    0.0,
                    0.0,
                    0.0,
                    1.0
                ]
            ]
        },
        {
            "file_path": "images/45_color.png",
            "distmap_path": "distmaps/45_color.png",
            "near": 0.1476459797783663,
            "far": 1.6770757620556846,
            "transform_matrix": [
                [
                    -0.736527,
                    -0.579034,
                    -0.34964,
                    -0.11494220504530107
                ],
                [
                    -0.337344,
                    -0.133586,
                    0.931855,
                    0.4139602011770779
                ],
                [
                    -0.586283,
                    0.804285,
                    -0.096944,
                    -0.08505715267868555
                ],
                [
                    0.0,
                    0.0,
                    0.0,
                    1.0
                ]
            ]
        },
        {
            "file_path": "images/55_color.png",
            "distmap_path": "distmaps/55_color.png",
            "near": 0.1445190914300464,
            "far": 1.665643766545235,
            "transform_matrix": [
                [
                    -0.74184,
                    -0.576862,
                    -0.341911,
                    -0.1118223179413371
                ],
                [
                    -0.330691,
                    -0.128857,
                    0.934901,
                    0.40357766808664725
                ],
                [
                    -0.583366,
                    0.806614,
                    -0.0951719,
                    -0.08251150938021702
                ],
                [
                    0.0,
                    0.0,
                    0.0,
                    1.0
                ]
            ]
        },
        {
            "file_path": "images/60_color.png",
            "distmap_path": "distmaps/60_color.png",
            "near": 0.14409989814129026,
            "far": 1.6587207263441068,
            "transform_matrix": [
                [
                    -0.744761,
                    -0.575746,
                    -0.337412,
                    -0.11074048362919837
                ],
                [
                    -0.326718,
                    -0.126287,
                    0.936647,
                    0.3974122379428237
                ],
                [
                    -0.581882,
                    0.807817,
                    -0.0940527,
                    -0.08230001333578223
                ],
                [
                    0.0,
                    0.0,
                    0.0,
                    1.0
                ]
            ]
        },
        {
            "file_path": "images/65_color.png",
            "distmap_path": "distmaps/65_color.png",
            "near": 0.142152890535248,
            "far": 1.650627840152838,
            "transform_matrix": [
                [
                    -0.748092,
                    -0.574373,
                    -0.332347,
                    -0.10890495432234694
                ],
                [
                    -0.322444,
                    -0.123101,
                    0.93855,
                    0.39078536188387
                ],
                [
                    -0.579989,
                    0.809285,
                    -0.0931124,
                    -0.08058240909613074
                ],
                [
                    0.0,
                    0.0,
                    0.0,
                    1.0
                ]
            ]
        },
        {
            "file_path": "images/70_color.png",
            "distmap_path": "distmaps/70_color.png",
            "near": 0.14058525658356016,
            "far": 1.6434124991652752,
            "transform_matrix": [
                [
                    -0.751177,
                    -0.573012,
                    -0.327703,
                    -0.10689894638573905
                ],
                [
                    -0.318455,
                    -0.120269,
                    0.940278,
                    0.38504292382891564
                ],
                [
                    -0.578203,
                    0.810674,
                    -0.0921354,
                    -0.07951082913766155
                ],
                [
                    0.0,
                    0.0,
                    0.0,
                    1.0
                ]
            ]
        },
        {
            "file_path": "images/80_color.png",
            "distmap_path": "distmaps/80_color.png",
            "near": 0.1384530620181948,
            "far": 1.625525462507775,
            "transform_matrix": [
                [
                    -0.758532,
                    -0.569791,
                    -0.316175,
                    -0.10281643183104504
                ],
                [
                    -0.308592,
                    -0.113248,
                    0.944429,
                    0.37062273898109543
                ],
                [
                    -0.573933,
                    0.813949,
                    -0.0899305,
                    -0.07635120641322808
                ],
                [
                    0.0,
                    0.0,
                    0.0,
                    1.0
                ]
            ]
        },
        {
            "file_path": "images/85_color.png",
            "distmap_path": "distmaps/85_color.png",
            "near": 0.14183682535293812,
            "far": 1.615208226993439,
            "transform_matrix": [
                [
                    -0.762553,
                    -0.567898,
                    -0.309847,
                    -0.10124367033697618
                ],
                [
                    -0.303066,
                    -0.10955,
                    0.946652,
                    0.3624064381033597
                ],
                [
                    -0.571545,
                    0.815776,
                    -0.0885724,
                    -0.0743182807982377
                ],
                [
                    0.0,
                    0.0,
                    0.0,
                    1.0
                ]
            ]
        },
        {
            "file_path": "images/90_color.png",
            "distmap_path": "distmaps/90_color.png",
            "near": 0.14178627205658345,
            "far": 1.6066414659453634,
            "transform_matrix": [
                [
                    -0.766173,
                    -0.566136,
                    -0.304089,
                    -0.09967988140236812
                ],
                [
                    -0.29809,
                    -0.106116,
                    0.948621,
                    0.3548823060983192
                ],
                [
                    -0.569317,
                    0.817453,
                    -0.0874563,
                    -0.07330950875599465
                ],
                [
                    0.0,
                    0.0,
                    0.0,
                    1.0
                ]
            ]
        },
        {
            "file_path": "images/95_color.png",
            "distmap_path": "distmaps/95_color.png",
            "near": 0.13867474692741538,
            "far": 1.5958468727151318,
            "transform_matrix": [
                [
                    -0.770463,
                    -0.56412,
                    -0.296909,
                    -0.0980071399600209
                ],
                [
                    -0.292016,
                    -0.101699,
                    0.950991,
                    0.34560211602736646
                ],
                [
                    -0.566669,
                    0.819406,
                    -0.086377,
                    -0.0707074665123435
                ],
                [
                    0.0,
                    0.0,
                    0.0,
                    1.0
                ]
            ]
        },
        {
            "file_path": "images/105_color.png",
            "distmap_path": "distmaps/105_color.png",
            "near": 0.13499872979430724,
            "far": 1.5756892052389968,
            "transform_matrix": [
                [
                    -0.77917,
                    -0.559676,
                    -0.282235,
                    -0.09411048556558776
                ],
                [
                    -0.279418,
                    -0.0929232,
                    0.955662,
                    0.3282338044995473
                ],
                [
                    -0.561088,
                    0.823485,
                    -0.0839807,
                    -0.0674606817817186
                ],
                [
                    0.0,
                    0.0,
                    0.0,
                    1.0
                ]
            ]
        },
        {
            "file_path": "images/110_color.png",
            "distmap_path": "distmaps/110_color.png",
            "near": 0.1338059098595252,
            "far": 1.5661115808407144,
            "transform_matrix": [
                [
                    -0.783493,
                    -0.557238,
                    -0.274998,
                    -0.09233135520391889
                ],
                [
                    -0.273035,
                    -0.0888279,
                    0.957895,
                    0.31968423712755095
                ],
                [
                    -0.558203,
                    0.825588,
                    -0.0825493,
                    -0.06595585538071065
                ],
                [
                    0.0,
                    0.0,
                    0.0,
                    1.0
                ]
            ]
        },
        {
            "file_path": "images/115_color.png",
            "distmap_path": "distmaps/115_color.png",
            "near": 0.1320904189703312,
            "far": 1.554728629570406,
            "transform_matrix": [
                [
                    -0.787799,
                    -0.554706,
                    -0.26772,
                    -0.09098162590216291
                ],
                [
                    -0.266678,
                    -0.0846215,
                    0.960064,
                    0.31046813676703283
                ],
                [
                    -0.555208,
                    0.827732,
                    -0.0812632,
                    -0.06394728385568536
                ],
                [
                    0.0,
                    0.0,
                    0.0,
                    1.0
                ]
            ]
        },
        {
            "file_path": "images/120_color.png",
            "distmap_path": "distmaps/120_color.png",
            "near": 0.13058101589258495,
            "far": 1.5458922081970885,
            "transform_matrix": [
                [
                    -0.791404,
                    -0.552593,
                    -0.261384,
                    -0.09007283380819804
                ],
                [
                    -0.261232,
                    -0.0808558,
                    0.961884,
                    0.30259792032564464
                ],
                [
                    -0.552664,
                    0.82952,
                    -0.0803655,
                    -0.062051510221025175
                ],
                [
                    0.0,
                    0.0,
                    0.0,
                    1.0
                ]
            ]
        },
        {
            "file_path": "images/130_color.png",
            "distmap_path": "distmaps/130_color.png",
            "near": 0.1279328156157856,
            "far": 1.5230986775689208,
            "transform_matrix": [
                [
                    -0.7985,
                    -0.548229,
                    -0.248681,
                    -0.08770920528736426
                ],
                [
                    -0.250126,
                    -0.0736072,
                    0.965411,
                    0.2878188330993899
                ],
                [
                    -0.547571,
                    0.833083,
                    -0.0783513,
                    -0.05852016717607016
                ],
                [
                    0.0,
                    0.0,
                    0.0,
                    1.0
                ]
            ]
        },
        {
            "file_path": "images/135_color.png",
            "distmap_path": "distmaps/135_color.png",
            "near": 0.12644610095372172,
            "far": 1.5124224279967873,
            "transform_matrix": [
                [
                    -0.801612,
                    -0.546284,
                    -0.242883,
                    -0.0869478195273993
                ],
                [
                    -0.245113,
                    -0.0702369,
                    0.966947,
                    0.2812688646929578
                ],
                [
                    -0.545287,
                    0.83465,
                    -0.0775988,
                    -0.05730758985464457
                ],
                [
                    0.0,
                    0.0,
                    0.0,
                    1.0
                ]
            ]
        },
        {
            "file_path": "images/140_color.png",
            "distmap_path": "distmaps/140_color.png",
            "near": 0.12619321420716637,
            "far": 1.4993555690958464,
            "transform_matrix": [
                [
                    -0.804377,
                    -0.544467,
                    -0.237767,
                    -0.08555579101675644
                ],
                [
                    -0.240669,
                    -0.0672847,
                    0.968272,
                    0.2757443316534816
                ],
                [
                    -0.543191,
                    0.836079,
                    -0.0769141,
                    -0.05630650857765359
                ],
                [
                    0.0,
                    0.0,
                    0.0,
                    1.0
                ]
            ]
        },
        {
            "file_path": "images/145_color.png",
            "distmap_path": "distmaps/145_color.png",
            "near": 0.12489487553267381,
            "far": 1.48680806269805,
            "transform_matrix": [
                [
                    -0.807271,
                    -0.542631,
                    -0.23209,
                    -0.08581855882953893
                ],
                [
                    -0.235859,
                    -0.0638604,
                    0.969687,
                    0.26864319173731055
                ],
                [
                    -0.541003,
                    0.83754,
                    -0.0764318,
                    -0.0541479671302111
                ],
                [
                    0.0,
                    0.0,
                    0.0,
                    1.0
                ]
            ]
        },
        {
            "file_path": "images/155_color.png",
            "distmap_path": "distmaps/155_color.png",
            "near": 0.12595358123061862,
            "far": 1.461182645706394,
            "transform_matrix": [
                [
                    -0.812239,
                    -0.538992,
                    -0.223059,
                    -0.08440217622893077
                ],
                [
                    -0.22786,
                    -0.0588472,
                    0.971914,
                    0.25802993568931504
                ],
                [
                    -0.536981,
                    0.840252,
                    -0.0750167,
                    -0.05160360562595113
                ],
                [
                    0.0,
                    0.0,
                    0.0,
                    1.0
                ]
            ]
        },
        {
            "file_path": "images/160_color.png",
            "distmap_path": "distmaps/160_color.png",
            "near": 0.12626952446178483,
            "far": 1.450542566828615,
            "transform_matrix": [
                [
                    -0.814379,
                    -0.5375,
                    -0.218818,
                    -0.08428553295593956
                ],
                [
                    -0.224071,
                    -0.0565873,
                    0.972929,
                    0.25319757152253425
                ],
                [
                    -0.535331,
                    0.841363,
                    -0.0743546,
                    -0.05071275865090813
                ],
                [
                    0.0,
                    0.0,
                    0.0,
                    1.0
                ]
            ]
        },
        {
            "file_path": "images/165_color.png",
            "distmap_path": "distmaps/165_color.png",
            "near": 0.12690139995424699,
            "far": 1.439326607789218,
            "transform_matrix": [
                [
                    -0.816457,
                    -0.535978,
                    -0.21477,
                    -0.08397918414006136
                ],
                [
                    -0.220565,
                    -0.0542474,
                    0.973863,
                    0.24855747648705792
                ],
                [
                    -0.533619,
                    0.842487,
                    -0.0739271,
                    -0.04961297921984763
                ],
                [
                    0.0,
                    0.0,
                    0.0,
                    1.0
                ]
            ]
        },
        {
            "file_path": "images/170_color.png",
            "distmap_path": "distmaps/170_color.png",
            "near": 0.12726492886785795,
            "far": 1.4271557164626185,
            "transform_matrix": [
                [
                    -0.818068,
                    -0.534891,
                    -0.211322,
                    -0.08362669073267025
                ],
                [
                    -0.217642,
                    -0.0521891,
                    0.974633,
                    0.2451479038919288
                ],
                [
                    -0.532351,
                    0.843308,
                    -0.0737204,
                    -0.049007972353343476
                ],
                [
                    0.0,
                    0.0,
                    0.0,
                    1.0
                ]
            ]
        },
        {
            "file_path": "images/180_color.png",
            "distmap_path": "distmaps/180_color.png",
            "near": 0.12768609705609538,
            "far": 1.193828799166391,
            "transform_matrix": [
                [
                    -0.820691,
                    -0.53295,
                    -0.205988,
                    -0.08336905009672255
                ],
                [
                    -0.213033,
                    -0.0491057,
                    0.97581,
                    0.23876456873262716
                ],
                [
                    -0.530173,
                    0.844721,
                    -0.0732356,
                    -0.04691095702791839
                ],
                [
                    0.0,
                    0.0,
                    0.0,
                    1.0
                ]
            ]
        },
        {
            "file_path": "images/185_color.png",
            "distmap_path": "distmaps/185_color.png",
            "near": 0.12782649742009608,
            "far": 1.191350623991379,
            "transform_matrix": [
                [
                    -0.821615,
                    -0.532396,
                    -0.203721,
                    -0.08297682106886184
                ],
                [
                    -0.211199,
                    -0.0476428,
                    0.976282,
                    0.23644452121488901
                ],
                [
                    -0.529475,
                    0.845153,
                    -0.0732973,
                    -0.046568717974196726
                ],
                [
                    0.0,
                    0.0,
                    0.0,
                    1.0
                ]
            ]
        },
        {
            "file_path": "images/190_color.png",
            "distmap_path": "distmaps/190_color.png",
            "near": 0.12769730598587295,
            "far": 1.189226007245712,
            "transform_matrix": [
                [
                    -0.822167,
                    -0.532081,
                    -0.202314,
                    -0.08323317991060081
                ],
                [
                    -0.210066,
                    -0.0467294,
                    0.97657,
                    0.23430392488636811
                ],
                [
                    -0.529068,
                    0.845403,
                    -0.073353,
                    -0.04557020028562322
                ],
                [
                    0.0,
                    0.0,
                    0.0,
                    1.0
                ]
            ]
        },
        {
            "file_path": "images/195_color.png",
            "distmap_path": "distmaps/195_color.png",
            "near": 0.12790786165912457,
            "far": 1.18746930720105,
            "transform_matrix": [
                [
                    -0.822471,
                    -0.531992,
                    -0.201312,
                    -0.0830921825476444
                ],
                [
                    -0.209336,
                    -0.0459806,
                    0.976762,
                    0.23262477447297747
                ],
                [
                    -0.528886,
                    0.8455,
                    -0.0735472,
                    -0.044899821914475634
                ],
                [
                    0.0,
                    0.0,
                    0.0,
                    1.0
                ]
            ]
        },
        {
            "file_path": "images/205_color.png",
            "distmap_path": "distmaps/205_color.png",
            "near": 0.12804822479737887,
            "far": 1.1885912347012049,
            "transform_matrix": [
                [
                    -0.821697,
                    -0.533438,
                    -0.200644,
                    -0.08336135933147029
                ],
                [
                    -0.20947,
                    -0.044741,
                    0.976791,
                    0.23134298026428224
                ],
                [
                    -0.530034,
                    0.844655,
                    -0.0749755,
                    -0.043824396573380414
                ],
                [
                    0.0,
                    0.0,
                    0.0,
                    1.0
                ]
            ]
        },
        {
            "file_path": "images/210_color.png",
            "distmap_path": "distmaps/210_color.png",
            "near": 0.12853950674713913,
            "far": 1.4091943822361686,
            "transform_matrix": [
                [
                    -0.820511,
                    -0.534983,
                    -0.201381,
                    -0.08314089072757479
                ],
                [
                    -0.210788,
                    -0.0442996,
                    0.976527,
                    0.23230432592080363
                ],
                [
                    -0.531347,
                    0.8437,
                    -0.07642,
                    -0.04377953377607605
                ],
                [
                    0.0,
                    0.0,
                    0.0,
                    1.0
                ]
            ]
        },
        {
            "file_path": "images/215_color.png",
            "distmap_path": "distmaps/215_color.png",
            "near": 0.12780258930543387,
            "far": 1.4177583805005636,
            "transform_matrix": [
                [
                    -0.819248,
                    -0.536523,
                    -0.202423,
                    -0.08394073031380052
                ],
                [
                    -0.212158,
                    -0.0443617,
                    0.976228,
                    0.2317403364689778
                ],
                [
                    -0.532749,
                    0.842719,
                    -0.0774845,
                    -0.04378337915870208
                ],
                [
                    0.0,
                    0.0,
                    0.0,
                    1.0
                ]
            ]
        },
        {
            "file_path": "images/220_color.png",
            "distmap_path": "distmaps/220_color.png",
            "near": 0.1277324077363067,
            "far": 1.4263547835639145,
            "transform_matrix": [
                [
                    -0.817409,
                    -0.538552,
                    -0.204463,
                    -0.08461623586178287
                ],
                [
                    -0.214493,
                    -0.0448706,
                    0.975694,
                    0.23263759241506432
                ],
                [
                    -0.534636,
                    0.841397,
                    -0.0788381,
                    -0.04329501556518924
                ],
                [
                    0.0,
                    0.0,
                    0.0,
                    1.0
                ]
            ]
        },
        {
            "file_path": "images/230_color.png",
            "distmap_path": "distmaps/230_color.png",
            "near": 0.12747551296197665,
            "far": 1.4422579290981126,
            "transform_matrix": [
                [
                    -0.812633,
                    -0.543885,
                    -0.209324,
                    -0.08631974036513869
                ],
                [
                    -0.220285,
                    -0.0458652,
                    0.974357,
                    0.23554726526880232
                ],
                [
                    -0.539539,
                    0.837905,
                    -0.0825384,
                    -0.04235033323338108
                ],
                [
                    0.0,
                    0.0,
                    0.0,
                    1.0
                ]
            ]
        },
        {
            "file_path": "images/235_color.png",
            "distmap_path": "distmaps/235_color.png",
            "near": 0.12751061031099642,
            "far": 1.4544057330112559,
            "transform_matrix": [
                [
                    -0.809313,
                    -0.547498,
                    -0.212741,
                    -0.08694653773319065
                ],
                [
                    -0.224431,
                    -0.0464722,
                    0.973381,
                    0.23862357136967058
                ],
                [
                    -0.54281,
                    0.835516,
                    -0.0852647,
                    -0.04261181925195483
                ],
                [
                    0.0,
                    0.0,
                    0.0,
                    1.0
                ]
            ]
        },
        {
            "file_path": "images/240_color.png",
            "distmap_path": "distmaps/240_color.png",
            "near": 0.12789669211813565,
            "far": 1.4617095756405227,
            "transform_matrix": [
                [
                    -0.806343,
                    -0.550653,
                    -0.215851,
                    -0.08753744486339905
                ],
                [
                    -0.228046,
                    -0.0472757,
                    0.972502,
                    0.24076416769819145
                ],
                [
                    -0.545716,
                    0.833394,
                    -0.0874538,
                    -0.041970922147607295
                ],
                [
                    0.0,
                    0.0,
                    0.0,
                    1.0
                ]
            ]
        },
        {
            "file_path": "images/245_color.png",
            "distmap_path": "distmaps/245_color.png",
            "near": 0.12730002621687772,
            "far": 1.4668996274942636,
            "transform_matrix": [
                [
                    -0.802987,
                    -0.554203,
                    -0.219248,
                    -0.08890255569565943
                ],
                [
                    -0.232068,
                    -0.0480939,
                    0.97151,
                    0.24303294344758195
                ],
                [
                    -0.548958,
                    0.830991,
                    -0.0899943,
                    -0.0417594261031725
                ],
                [
                    0.0,
                    0.0,
                    0.0,
                    1.0
                ]
            ]
        },
        {
            "file_path": "images/255_color.png",
            "distmap_path": "distmaps/255_color.png",
            "near": 0.12643402677571405,
            "far": 1.4737347560052105,
            "transform_matrix": [
                [
                    -0.795792,
                    -0.561573,
                    -0.226608,
                    -0.09145460796517145
                ],
                [
                    -0.24082,
                    -0.04987,
                    0.969288,
                    0.24745513346758014
                ],
                [
                    -0.555627,
                    0.825923,
                    -0.0955518,
                    -0.040846788626581684
                ],
                [
                    0.0,
                    0.0,
                    0.0,
                    1.0
                ]
            ]
        },
        {
            "file_path": "images/260_color.png",
            "distmap_path": "distmaps/260_color.png",
            "near": 0.1255567461957545,
            "far": 1.475556842033789,
            "transform_matrix": [
                [
                    -0.793255,
                    -0.564226,
                    -0.2289,
                    -0.09249029768579707
                ],
                [
                    -0.243726,
                    -0.0502677,
                    0.968541,
                    0.24890356092340563
                ],
                [
                    -0.557982,
                    0.824089,
                    -0.0976415,
                    -0.04108648414360762
                ],
                [
                    0.0,
                    0.0,
                    0.0,
                    1.0
                ]
            ]
        },
        {
            "file_path": "images/265_color.png",
            "distmap_path": "distmaps/265_color.png",
            "near": 0.12570340529478907,
            "far": 1.4784525882373396,
            "transform_matrix": [
                [
                    -0.790288,
                    -0.567153,
                    -0.231909,
                    -0.09352214202379666
                ],
                [
                    -0.247329,
                    -0.0510118,
