{
    "camera_model": "FISHEYE_OPENCV",
    "fx": 767.3861511125845,
    "fy": 767.5058656118406,
    "cx": 679.054265997005,
    "cy": 543.646891684636,
    "k1": -0.18867185058223412,
    "k2": -0.003927337093919806,
    "k3": 0.030524814153620117,
    "k4": -0.012756926010904904,
    "p1": 0,
    "p2": 0,
    "w": 1350,
    "h": 1080,
    "camera_angle_x": 1.4428692492187012,
    "camera_angle_y": 1.2262461230200543,
    "scene_scale": 0.009230384553760235,
    "dist_ftype": "png",
    "distmap": "dense",
    "rgb_mask": "rgb_mask.png",
    "scene_T": [
        [
            1.0,
            0.0,
            0.0,
            -74.50566306292826
        ],
        [
            0.0,
            1.0,
            0.0,
            -177.11839593908812
        ],
        [
            0.0,
            0.0,
            1.0,
            38.764689657148445
        ],
        [
            0.0,
            0.0,
            0.0,
            1.0
        ]
    ],
    "distmap_scale": 3.141592653589793,
    "frames": [
        {
            "file_path": "images/0_color.png",
            "distmap_path": "distmaps/0_color.png",
            "near": 0.09798870457595946,
            "far": 1.0514367632033437,
            "transform_matrix": [
                [
                    0.773943,
                    -0.626482,
                    0.0923721,
                    -0.021146470069288343
                ],
                [
                    -0.0318708,
                    0.107149,
                    0.993732,
                    -0.07782502684279562
                ],
                [
                    -0.632453,
                    -0.772036,
                    0.0629607,
                    -0.018079649693947392
                ],
                [
                    0.0,
                    0.0,
                    0.0,
                    1.0
                ]
            ]
        },
        {
            "file_path": "images/5_color.png",
            "distmap_path": "distmaps/5_color.png",
            "near": 0.09839544517441537,
            "far": 1.0514367632033437,
            "transform_matrix": [
                [
                    0.774228,
                    -0.626189,
                    0.0919661,
                    -0.021148316146199025
                ],
                [
                    -0.0320735,
                    0.106302,
                    0.993816,
                    -0.07561896493444714
                ],
                [
                    -0.632093,
                    -0.77239,
                    0.0622179,
                    -0.01867408645920954
                ],
                [
                    0.0,
                    0.0,
                    0.0,
                    1.0
                ]
            ]
        },
        {
            "file_path": "images/10_color.png",
            "distmap_path": "distmaps/10_color.png",
            "near": 0.10086179553409358,
            "far": 1.0527071144411693,
            "transform_matrix": [
                [
                    0.775701,
                    -0.624496,
                    0.0910637,
                    -0.020183740960331067
                ],
                [
                    -0.0337358,
                    0.103056,
                    0.994103,
                    -0.06487479731387008
                ],
                [
                    -0.630198,
                    -0.774199,
                    0.0588727,
                    -0.017849813118558804
                ],
                [
                    0.0,
                    0.0,
                    0.0,
                    1.0
                ]
            ]
        },
        {
            "file_path": "images/15_color.png",
            "distmap_path": "distmaps/15_color.png",
            "near": 0.10284389613329438,
            "far": 1.0553406083285315,
            "transform_matrix": [
                [
                    0.77768,
                    -0.622256,
                    0.0895023,
                    -0.017293707556548816
                ],
                [
                    -0.0364157,
                    0.0975415,
                    0.994565,
                    -0.04593404820955415
                ],
                [
                    -0.627605,
                    -0.776713,
                    0.0531962,
                    -0.016185574783515812
                ],
                [
                    0.0,
                    0.0,
                    0.0,
                    1.0
                ]
            ]
        },
        {
            "file_path": "images/20_color.png",
            "distmap_path": "distmaps/20_color.png",
            "near": 0.10495731958484447,
            "far": 1.0583655346966585,
            "transform_matrix": [
                [
                    0.780362,
                    -0.619156,
                    0.0876443,
                    -0.014517207882777649
                ],
                [
                    -0.0396986,
                    0.0908225,
                    0.995075,
                    -0.02268270951863207
                ],
                [
                    -0.624067,
                    -0.779998,
                    0.0462948,
                    -0.014392111064720213
                ],
                [
                    0.0,
                    0.0,
                    0.0,
                    1.0
                ]
            ]
        },
        {
            "file_path": "images/30_color.png",
            "distmap_path": "distmaps/30_color.png",
            "near": 0.10818724674598962,
            "far": 1.0639799056464014,
            "transform_matrix": [
                [
                    0.788209,
                    -0.60999,
                    0.0814782,
                    -0.006258782822528363
                ],
                [
                    -0.0496985,
                    0.0688716,
                    0.996387,
                    0.04811434000870882
                ],
                [
                    -0.613397,
                    -0.78941,
                    0.0239696,
                    -0.01091410216486333
                ],
                [
                    0.0,
                    0.0,
                    0.0,
                    1.0
                ]
            ]
        },
        {
            "file_path": "images/35_color.png",
            "distmap_path": "distmaps/35_color.png",
            "near": 0.10324310427338174,
            "far": 1.067722371920597,
            "transform_matrix": [
                [
                    0.793214,
                    -0.603925,
                    0.0780095,
                    6.218451988660519e-05
                ],
                [
                    -0.0564756,
                    0.0545946,
                    0.99691,
                    0.0959369623817407
                ],
                [
                    -0.606318,
                    -0.795169,
                    0.0091981,
                    -0.008447743412098637
                ],
                [
                    0.0,
                    0.0,
                    0.0,
                    1.0
                ]
            ]
        },
        {
            "file_path": "images/40_color.png",
            "distmap_path": "distmaps/40_color.png",
            "near": 0.10117217314946478,
            "far": 1.0699568191169966,
            "transform_matrix": [
                [
                    0.798247,
                    -0.59774,
                    0.0742235,
                    0.007803708045125341
                ],
                [
                    -0.0635561,
                    0.0389525,
                    0.997218,
                    0.14746096896083027
                ],
                [
                    -0.598968,
                    -0.800743,
                    -0.00689626,
                    -0.006129993850649433
                ],
                [
                    0.0,
                    0.0,
                    0.0,
                    1.0
                ]
            ]
        },
        {
            "file_path": "images/45_color.png",
            "distmap_path": "distmaps/45_color.png",
            "near": 0.0927550403379809,
            "far": 1.0704951879779478,
            "transform_matrix": [
                [
                    0.803885,
                    -0.590581,
                    0.0705943,
                    0.015332932725627496
                ],
                [
                    -0.0715365,
                    0.0218249,
                    0.997199,
                    0.2041909124282408
                ],
                [
                    -0.590468,
                    -0.806683,
                    -0.0247035,
                    -0.0052854136639803396
                ],
                [
                    0.0,
                    0.0,
                    0.0,
                    1.0
                ]
            ]
        },
        {
            "file_path": "images/55_color.png",
            "distmap_path": "distmaps/55_color.png",
            "near": 0.10350747846710022,
            "far": 1.08004362725161,
            "transform_matrix": [
                [
                    0.811883,
                    -0.580188,
                    0.0650231,
                    0.029382501054906033
                ],
                [
                    -0.0837504,
                    -0.00551899,
                    0.996471,
                    0.2938271768298063
                ],
                [
                    -0.577781,
                    -0.814464,
                    -0.0530717,
                    -0.0035224102142121113
                ],
                [
                    0.0,
                    0.0,
                    0.0,
                    1.0
                ]
            ]
        },
        {
            "file_path": "images/60_color.png",
            "distmap_path": "distmaps/60_color.png",
            "near": 0.10538884898163312,
            "far": 1.0802467288378348,
            "transform_matrix": [
                [
                    0.815206,
                    -0.575762,
                    0.0627425,
                    0.034804428941784815
                ],
                [
                    -0.0888135,
                    -0.0172226,
                    0.995899,
                    0.331496376193702
                ],
                [
                    -0.572321,
                    -0.817436,
                    -0.0651754,
                    -0.002832900488046222
                ],
                [
                    0.0,
                    0.0,
                    0.0,
                    1.0
                ]
            ]
        },
        {
            "file_path": "images/65_color.png",
            "distmap_path": "distmaps/65_color.png",
            "near": 0.10493679658171111,
            "far": 1.0806848746070052,
            "transform_matrix": [
                [
                    0.817574,
                    -0.572576,
                    0.0610671,
                    0.039731608216582025
                ],
                [
                    -0.0923961,
                    -0.0257698,
                    0.995389,
                    0.35926137293141264
                ],
                [
                    -0.568362,
                    -0.819446,
                    -0.0739725,
                    -0.0021535441848894777
                ],
                [
                    0.0,
                    0.0,
                    0.0,
                    1.0
                ]
            ]
        },
        {
            "file_path": "images/70_color.png",
            "distmap_path": "distmaps/70_color.png",
            "near": 0.10499764702398127,
            "far": 1.0809898994451217,
            "transform_matrix": [
                [
                    0.81832,
                    -0.571567,
                    0.0605233,
                    0.04195428481712742
                ],
                [
                    -0.0938807,
                    -0.0290328,
                    0.99516,
                    0.3704485990105702
                ],
                [
                    -0.567043,
                    -0.820042,
                    -0.0774172,
                    -0.0015886446501993563
                ],
                [
                    0.0,
                    0.0,
                    0.0,
                    1.0
                ]
            ]
        },
        {
            "file_path": "images/80_color.png",
            "distmap_path": "distmaps/80_color.png",
            "near": 0.10484610113308605,
            "far": 1.0811456782922007,
            "transform_matrix": [
                [
                    0.818252,
                    -0.571646,
                    0.0607005,
                    0.04212043173909511
                ],
                [
                    -0.0939923,
                    -0.0288695,
                    0.995154,
                    0.37037475593414
                ],
                [
                    -0.567123,
                    -0.819992,
                    -0.0773527,
                    -0.001512032458403161
                ],
                [
                    0.0,
                    0.0,
                    0.0,
                    1.0
                ]
            ]
        },
        {
            "file_path": "images/85_color.png",
            "distmap_path": "distmaps/85_color.png",
            "near": 0.10499764702398127,
            "far": 1.0811456782922007,
            "transform_matrix": [
                [
                    0.818264,
                    -0.571631,
                    0.0606877,
                    0.04193213189419845
                ],
                [
                    -0.0939786,
                    -0.0288746,
                    0.995155,
                    0.3702732217040487
                ],
                [
                    -0.567109,
                    -0.820003,
                    -0.0773481,
                    -0.0014308050743300634
                ],
                [
                    0.0,
                    0.0,
                    0.0,
                    1.0
                ]
            ]
        },
        {
            "file_path": "images/90_color.png",
            "distmap_path": "distmaps/90_color.png",
            "near": 0.1050473850596011,
            "far": 1.0809898994451217,
            "transform_matrix": [
                [
                    0.818257,
                    -0.571635,
                    0.0607352,
                    0.04193305493265373
                ],
                [
                    -0.0940725,
                    -0.0289262,
                    0.995145,
                    0.3704485990105702
                ],
                [
                    -0.567103,
                    -0.819998,
                    -0.0774441,
                    -0.0015184937275908108
                ],
                [
                    0.0,
                    0.0,
                    0.0,
                    1.0
                ]
            ]
        },
        {
            "file_path": "images/95_color.png",
            "distmap_path": "distmaps/95_color.png",
            "near": 0.10522496586032411,
            "far": 1.0809336034011017,
            "transform_matrix": [
                [
                    0.818267,
                    -0.571623,
                    0.060715,
                    0.041694911011166805
                ],
                [
                    -0.0940183,
                    -0.0288853,
                    0.995151,
                    0.3702455305503873
                ],
                [
                    -0.567098,
                    -0.820008,
                    -0.0773789,
                    -0.001648642149798822
                ],
                [
                    0.0,
                    0.0,
                    0.0,
                    1.0
                ]
            ]
        },
        {
            "file_path": "images/105_color.png",
            "distmap_path": "distmaps/105_color.png",
            "near": 0.1049471317270162,
            "far": 1.0809898994451217,
            "transform_matrix": [
                [
                    0.818254,
                    -0.57164,
                    0.0607284,
                    0.04200782104753931
                ],
                [
                    -0.094035,
                    -0.0288829,
                    0.99515,
                    0.370411677472355
                ],
                [
                    -0.567113,
                    -0.819996,
                    -0.0773877,
                    -0.0016061823808514928
                ],
                [
                    0.0,
                    0.0,
                    0.0,
                    1.0
                ]
            ]
        },
        {
            "file_path": "images/110_color.png",
            "distmap_path": "distmaps/110_color.png",
            "near": 0.10499764702398127,
            "far": 1.0809336034011017,
            "transform_matrix": [
                [
                    0.818235,
                    -0.571666,
                    0.0607413,
                    0.04193674708647535
                ],
                [
                    -0.0940423,
                    -0.0288667,
                    0.995149,
                    0.37031937362681744
                ],
                [
                    -0.56714,
                    -0.819978,
                    -0.0773805,
                    -0.001663410765084804
                ],
                [
                    0.0,
                    0.0,
                    0.0,
                    1.0
                ]
            ]
        },
        {
            "file_path": "images/115_color.png",
            "distmap_path": "distmaps/115_color.png",
            "near": 0.10489661643005112,
            "far": 1.0809898994451217,
            "transform_matrix": [
                [
                    0.818241,
                    -0.571653,
                    0.0607764,
                    0.042065972470227954
                ],
                [
                    -0.0940707,
                    -0.0288481,
                    0.995147,
                    0.3704209078569088
                ],
                [
                    -0.567126,
                    -0.819988,
                    -0.0773806,
                    -0.0015424927274305972
                ],
                [
                    0.0,
                    0.0,
                    0.0,
                    1.0
                ]
            ]
        },
        {
            "file_path": "images/120_color.png",
            "distmap_path": "distmaps/120_color.png",
            "near": 0.10504816232094635,
            "far": 1.0809898994451217,
            "transform_matrix": [
                [
                    0.818258,
                    -0.571633,
                    0.0607427,
                    0.041912748086635566
                ],
                [
                    -0.0940582,
                    -0.0288926,
                    0.995147,
                    0.3704301382414626
                ],
                [
                    -0.567104,
                    -0.82,
                    -0.0774085,
                    -0.0016098745346730537
                ],
                [
                    0.0,
                    0.0,
                    0.0,
                    1.0
                ]
            ]
        },
        {
            "file_path": "images/130_color.png",
            "distmap_path": "distmaps/130_color.png",
            "near": 0.10492187407853365,
            "far": 1.0811456782922007,
            "transform_matrix": [
                [
                    0.81826,
                    -0.571628,
                    0.0607578,
                    0.04206135727795105
                ],
                [
                    -0.0940863,
                    -0.0289075,
                    0.995144,
                    0.37046705977967753
                ],
                [
                    -0.567096,
                    -0.820003,
                    -0.0774363,
                    -0.0014880334585633747
                ],
                [
                    0.0,
                    0.0,
                    0.0,
                    1.0
                ]
            ]
        },
        {
            "file_path": "images/135_color.png",
            "distmap_path": "distmaps/135_color.png",
            "near": 0.10487062532829779,
            "far": 1.0809898994451217,
            "transform_matrix": [
                [
                    0.81824,
                    -0.571654,
                    0.0607883,
                    0.04212043173909511
                ],
                [
                    -0.0940805,
                    -0.0288412,
                    0.995147,
                    0.37045782939512373
                ],
                [
                    -0.567126,
                    -0.819988,
                    -0.0773806,
                    -0.001618181880771386
                ],
                [
                    0.0,
                    0.0,
                    0.0,
                    1.0
                ]
            ]
        },
        {
            "file_path": "images/140_color.png",
            "distmap_path": "distmaps/140_color.png",
            "near": 0.10502290467246382,
            "far": 1.0809898994451217,
            "transform_matrix": [
                [
                    0.818268,
                    -0.57162,
                    0.0607303,
                    0.04192382454810005
                ],
                [
                    -0.0940489,
                    -0.0289031,
                    0.995148,
                    0.3704024470878014
                ],
                [
                    -0.567091,
                    -0.820009,
                    -0.0774108,
                    -0.0016375656883343356
                ],
                [
                    0.0,
                    0.0,
                    0.0,
                    1.0
                ]
            ]
        },
        {
            "file_path": "images/145_color.png",
            "distmap_path": "distmaps/145_color.png",
            "near": 0.10497238937549873,
            "far": 1.0809898994451217,
            "transform_matrix": [
                [
                    0.818247,
                    -0.571647,
                    0.0607535,
                    0.04198843723997629
                ],
                [
                    -0.0940578,
                    -0.0288709,
                    0.995148,
                    0.3704301382414626
                ],
                [
                    -0.567119,
                    -0.819992,
                    -0.0773913,
                    -0.0015258780352338018
                ],
                [
                    0.0,
                    0.0,
                    0.0,
                    1.0
                ]
            ]
        },
        {
            "file_path": "images/155_color.png",
            "distmap_path": "distmaps/155_color.png",
            "near": 0.10492187407853365,
            "far": 1.0811456782922007,
            "transform_matrix": [
                [
                    0.818226,
                    -0.571678,
                    0.0607394,
                    0.04205858816258497
                ],
                [
                    -0.0940881,
                    -0.0289342,
                    0.995143,
                    0.37049475093333895
                ],
                [
                    -0.567144,
                    -0.819967,
                    -0.0774629,
                    -0.001472341804821986
                ],
                [
                    0.0,
                    0.0,
                    0.0,
                    1.0
                ]
            ]
        },
        {
            "file_path": "images/160_color.png",
            "distmap_path": "distmaps/160_color.png",
            "near": 0.10502290467246382,
            "far": 1.0809898994451217,
            "transform_matrix": [
                [
                    0.818252,
                    -0.571641,
                    0.0607558,
                    0.041942285317207534
                ],
                [
                    -0.0940727,
                    -0.0288892,
                    0.995146,
                    0.3704024470878014
                ],
                [
                    -0.567111,
                    -0.819995,
                    -0.0774144,
                    -0.0016006441501192495
                ],
                [
                    0.0,
                    0.0,
                    0.0,
                    1.0
                ]
            ]
        },
        {
            "file_path": "images/165_color.png",
            "distmap_path": "distmaps/165_color.png",
            "near": 0.10504816232094635,
            "far": 1.0809336034011017,
            "transform_matrix": [
                [
                    0.818254,
                    -0.571635,
                    0.060782,
                    0.04192751670192155
                ],
                [
                    -0.0941071,
                    -0.0288939,
                    0.995143,
                    0.3705132117024463
                ],
                [
                    -0.567102,
                    -0.819999,
                    -0.0774373,
                    -0.0016791024188261927
                ],
                [
                    0.0,
                    0.0,
                    0.0,
                    1.0
                ]
            ]
        },
        {
            "file_path": "images/170_color.png",
            "distmap_path": "distmaps/170_color.png",
            "near": 0.10492187407853365,
            "far": 1.0809898994451217,
            "transform_matrix": [
                [
                    0.81823,
                    -0.571669,
                    0.060781,
                    0.042062280316406464
                ],
                [
                    -0.094094,
                    -0.0288712,
                    0.995144,
                    0.37048552054878514
                ],
                [
                    -0.567138,
                    -0.819976,
                    -0.0774139,
                    -0.0016523343036203176
                ],
                [
                    0.0,
                    0.0,
                    0.0,
                    1.0
                ]
            ]
        },
        {
            "file_path": "images/180_color.png",
            "distmap_path": "distmaps/180_color.png",
            "near": 0.10492187407853365,
            "far": 1.0811456782922007,
            "transform_matrix": [
                [
                    0.818225,
                    -0.571679,
                    0.0607404,
                    0.04202812789355746
                ],
                [
                    -0.094034,
                    -0.028854,
                    0.995151,
                    0.37031014324226363
                ],
                [
                    -0.567155,
                    -0.819969,
                    -0.0773664,
                    -0.0014640344587235885
                ],
                [
                    0.0,
                    0.0,
                    0.0,
                    1.0
                ]
            ]
        },
        {
            "file_path": "images/185_color.png",
            "distmap_path": "distmaps/185_color.png",
            "near": 0.10502290467246382,
            "far": 1.0809336034011017,
            "transform_matrix": [
                [
                    0.818256,
                    -0.571635,
                    0.0607466,
                    0.04194043924029685
                ],
                [
                    -0.0940804,
                    -0.0289175,
                    0.995144,
                    0.3704301382414626
                ],
                [
                    -0.567103,
                    -0.819998,
                    -0.0774416,
                    -0.0017492533414348037
                ],
                [
                    0.0,
                    0.0,
                    0.0,
                    1.0
                ]
            ]
        },
        {
            "file_path": "images/190_color.png",
            "distmap_path": "distmaps/190_color.png",
            "near": 0.10492112810867017,
            "far": 1.0811456782922007,
            "transform_matrix": [
                [
                    0.818227,
                    -0.571674,
                    0.0607764,
                    0.04207151070096014
                ],
                [
                    -0.0940664,
                    -0.0288385,
                    0.995148,
                    0.3704393686260164
                ],
                [
                    -0.567148,
                    -0.819974,
                    -0.0773718,
                    -0.0014483428049821999
                ],
                [
                    0.0,
                    0.0,
                    0.0,
                    1.0
                ]
            ]
        }
    ]
}