{
    "camera_model": "FISHEYE_OPENCV",
    "fx": 767.3861511125845,
    "fy": 767.5058656118406,
    "cx": 679.054265997005,
    "cy": 543.646891684636,
    "k1": -0.18867185058223412,
    "k2": -0.003927337093919806,
    "k3": 0.030524814153620117,
    "k4": -0.012756926010904904,
    "p1": 0,
    "p2": 0,
    "w": 1350,
    "h": 1080,
    "camera_angle_x": 1.4428692492187012,
    "camera_angle_y": 1.2262461230200543,
    "scene_scale": 0.022874288503728586,
    "dist_ftype": "png",
    "distmap": "dense",
    "rgb_mask": "rgb_mask.png",
    "scene_T": [
        [
            1.0,
            0.0,
            0.0,
            -53.4950659317527
        ],
        [
            0.0,
            1.0,
            0.0,
            -55.95432426386811
        ],
        [
            0.0,
            0.0,
            1.0,
            51.171507930938596
        ],
        [
            0.0,
            0.0,
            0.0,
            1.0
        ]
    ],
    "distmap_scale": 3.141592653589793,
    "frames": [
        {
            "file_path": "images/0_color.png",
            "distmap_path": "distmaps/0_color.png",
            "near": 0.4088848136200686,
            "far": 2.3096278606256853,
            "transform_matrix": [
                [
                    0.722168,
                    0.691548,
                    0.0152959,
                    0.068369740195712
                ],
                [
                    0.617604,
                    -0.634676,
                    -0.464491,
                    0.15573446340121597
                ],
                [
                    -0.31151,
                    0.344887,
                    -0.885446,
                    -1.0280138050911423
                ],
                [
                    0.0,
                    0.0,
                    0.0,
                    1.0
                ]
            ]
        },
        {
            "file_path": "images/5_color.png",
            "distmap_path": "distmaps/5_color.png",
            "near": 0.42058457992375037,
            "far": 2.29536003083442,
            "transform_matrix": [
                [
                    0.724307,
                    0.689314,
                    0.0150476,
                    0.06893702255060445
                ],
                [
                    0.621339,
                    -0.64311,
                    -0.447601,
                    0.1461203999430989
                ],
                [
                    -0.29886,
                    0.33355,
                    -0.894107,
                    -1.0168442900147716
                ],
                [
                    0.0,
                    0.0,
                    0.0,
                    1.0
                ]
            ]
        },
        {
            "file_path": "images/10_color.png",
            "distmap_path": "distmaps/10_color.png",
            "near": 0.42419599819693604,
            "far": 2.2788616725745205,
            "transform_matrix": [
                [
                    0.727153,
                    0.686315,
                    0.0148475,
                    0.06887068711394355
                ],
                [
                    0.625966,
                    -0.654024,
                    -0.424759,
                    0.1328853366148415
                ],
                [
                    -0.281808,
                    0.318159,
                    -0.905185,
                    -1.0045813839479225
                ],
                [
                    0.0,
                    0.0,
                    0.0,
                    1.0
                ]
            ]
        },
        {
            "file_path": "images/15_color.png",
            "distmap_path": "distmaps/15_color.png",
            "near": 0.4251323083051355,
            "far": 2.260451980127426,
            "transform_matrix": [
                [
                    0.730376,
                    0.682884,
                    0.0148445,
                    0.07059998332482546
                ],
                [
                    0.630693,
                    -0.665892,
                    -0.398515,
                    0.11719814955898443
                ],
                [
                    -0.262255,
                    0.300428,
                    -0.917042,
                    -0.9908568108456856
                ],
                [
                    0.0,
                    0.0,
                    0.0,
                    1.0
                ]
            ]
        },
        {
            "file_path": "images/20_color.png",
            "distmap_path": "distmaps/20_color.png",
            "near": 0.429103777112733,
            "far": 2.244182253268258,
            "transform_matrix": [
                [
                    0.73349,
                    0.679532,
                    0.0151102,
                    0.0708813370734214
                ],
                [
                    0.634955,
                    -0.677103,
                    -0.371972,
                    0.09991433716556708
                ],
                [
                    -0.242536,
                    0.282432,
                    -0.928121,
                    -0.9798336912157386
                ],
                [
                    0.0,
                    0.0,
                    0.0,
                    1.0
                ]
            ]
        },
        {
            "file_path": "images/30_color.png",
            "distmap_path": "distmaps/30_color.png",
            "near": 0.44266700732740866,
            "far": 2.2117038740215915,
            "transform_matrix": [
                [
                    0.740903,
                    0.671402,
                    0.016792,
                    0.06912001685863434
                ],
                [
                    0.642756,
                    -0.7016,
                    -0.307607,
                    0.058354042383142686
                ],
                [
                    -0.194747,
                    0.238701,
                    -0.951365,
                    -0.9598941739270386
                ],
                [
                    0.0,
                    0.0,
                    0.0,
                    1.0
                ]
            ]
        },
        {
            "file_path": "images/35_color.png",
            "distmap_path": "distmaps/35_color.png",
            "near": 0.4497250102399704,
            "far": 2.2001980004033697,
            "transform_matrix": [
                [
                    0.744394,
                    0.667496,
                    0.0180997,
                    0.06924811287425509
                ],
                [
                    0.64523,
                    -0.712056,
                    -0.276866,
                    0.0379707638974701
                ],
                [
                    -0.171918,
                    0.217775,
                    -0.960738,
                    -0.9539857452065253
                ],
                [
                    0.0,
                    0.0,
                    0.0,
                    1.0
                ]
            ]
        },
        {
            "file_path": "images/40_color.png",
            "distmap_path": "distmaps/40_color.png",
            "near": 0.4608065310128106,
            "far": 2.1913679740685628,
            "transform_matrix": [
                [
                    0.747677,
                    0.663768,
                    0.0197577,
                    0.06757828981348289
                ],
                [
                    0.647133,
                    -0.721619,
                    -0.245936,
                    0.016317962399840704
                ],
                [
                    -0.148987,
                    0.196666,
                    -0.969085,
                    -0.9510258122741427
                ],
                [
                    0.0,
                    0.0,
                    0.0,
                    1.0
                ]
            ]
        },
        {
            "file_path": "images/45_color.png",
            "distmap_path": "distmaps/45_color.png",
            "near": 0.4725906020620974,
            "far": 2.185225825158518,
            "transform_matrix": [
                [
                    0.750372,
                    0.66067,
                    0.0213634,
                    0.06569116101192538
                ],
                [
                    0.64817,
                    -0.729067,
                    -0.219857,
                    -0.0027088707775607605
                ],
                [
                    -0.129677,
                    0.178821,
                    -0.975298,
                    -0.9493857257884256
                ],
                [
                    0.0,
                    0.0,
                    0.0,
                    1.0
                ]
            ]
        },
        {
            "file_path": "images/55_color.png",
            "distmap_path": "distmaps/55_color.png",
            "near": 0.49472064125015097,
            "far": 2.1806032620849267,
            "transform_matrix": [
                [
                    0.755091,
                    0.65516,
                    0.0245658,
                    0.062319490886475676
                ],
                [
                    0.648645,
                    -0.741082,
                    -0.173371,
                    -0.03425251462420259
                ],
                [
                    -0.0953806,
                    0.146846,
                    -0.98455,
                    -0.9509091534027738
                ],
                [
                    0.0,
                    0.0,
                    0.0,
                    1.0
                ]
            ]
        },
        {
            "file_path": "images/60_color.png",
            "distmap_path": "distmaps/60_color.png",
            "near": 0.4920918129315159,
            "far": 2.1800161670121674,
            "transform_matrix": [
                [
                    0.757164,
                    0.652702,
                    0.0261192,
                    0.0617453462450322
                ],
                [
                    0.648245,
                    -0.745863,
                    -0.153189,
                    -0.04769802140669412
                ],
                [
                    -0.0805053,
                    0.132921,
                    -0.987852,
                    -0.9525492398884913
                ],
                [
                    0.0,
                    0.0,
                    0.0,
                    1.0
                ]
            ]
        },
        {
            "file_path": "images/65_color.png",
            "distmap_path": "distmaps/65_color.png",
            "near": 0.4909371761661769,
            "far": 2.1854762580461484,
            "transform_matrix": [
                [
                    0.758476,
                    0.651125,
                    0.0273767,
                    0.06052614666778347
                ],
                [
                    0.647942,
                    -0.748932,
                    -0.138826,
                    -0.05878518904445146
                ],
                [
                    -0.0698895,
                    0.123034,
                    -0.989938,
                    -0.9543997698284429
                ],
                [
                    0.0,
                    0.0,
                    0.0,
                    1.0
                ]
            ]
        },
        {
            "file_path": "images/70_color.png",
            "distmap_path": "distmaps/70_color.png",
            "near": 0.489998256676316,
            "far": 2.192390556280513,
            "transform_matrix": [
                [
                    0.759967,
                    0.649324,
                    0.0287879,
                    0.05927034822892869
                ],
                [
                    0.647285,
                    -0.75208,
                    -0.124085,
                    -0.0676947244166537
                ],
                [
                    -0.0589203,
                    0.112934,
                    -0.991854,
                    -0.9580527937024884
                ],
                [
                    0.0,
                    0.0,
                    0.0,
                    1.0
                ]
            ]
        },
        {
            "file_path": "images/80_color.png",
            "distmap_path": "distmaps/80_color.png",
            "near": 0.4893706844486912,
            "far": 2.2026889698976353,
            "transform_matrix": [
                [
                    0.761768,
                    0.647121,
                    0.0307208,
                    0.056328714727349224
                ],
                [
                    0.646414,
                    -0.75607,
                    -0.102502,
                    -0.08533080085302845
                ],
                [
                    -0.0431039,
                    0.0979409,
                    -0.994258,
                    -0.961909398744217
                ],
                [
                    0.0,
                    0.0,
                    0.0,
                    1.0
                ]
            ]
        },
        {
            "file_path": "images/85_color.png",
            "distmap_path": "distmaps/85_color.png",
            "near": 0.4884317680783166,
            "far": 2.2055333686048955,
            "transform_matrix": [
                [
                    0.762592,
                    0.646117,
                    0.0314026,
                    0.05616401985012243
                ],
                [
                    0.645833,
                    -0.7577,
                    -0.0937539,
                    -0.09117060670803033
                ],
                [
                    -0.0367823,
                    0.0917768,
                    -0.9951,
                    -0.9625270045338177
                ],
                [
                    0.0,
                    0.0,
                    0.0,
                    1.0
                ]
            ]
        },
        {
            "file_path": "images/90_color.png",
            "distmap_path": "distmaps/90_color.png",
            "near": 0.48758802063713186,
            "far": 2.20801252026783,
            "transform_matrix": [
                [
                    0.763475,
                    0.645036,
                    0.0321495,
                    0.055843779811070166
                ],
                [
                    0.645148,
                    -0.759415,
                    -0.0841045,
                    -0.09823876185568256
                ],
                [
                    -0.0298356,
                    0.0849529,
                    -0.995938,
                    -0.9623554473700395
                ],
                [
                    0.0,
                    0.0,
                    0.0,
                    1.0
                ]
            ]
        },
        {
            "file_path": "images/95_color.png",
            "distmap_path": "distmaps/95_color.png",
            "near": 0.4869619541423996,
            "far": 2.2100722273355293,
            "transform_matrix": [
                [
                    0.764309,
                    0.644011,
                    0.0328879,
                    0.055482366052711285
                ],
                [
                    0.644423,
                    -0.76095,
                    -0.0753293,
                    -0.10425698716101342
                ],
                [
                    -0.0234868,
                    0.0787685,
                    -0.996616,
                    -0.9621472913446558
                ],
                [
                    0.0,
                    0.0,
                    0.0,
                    1.0
                ]
            ]
        },
        {
            "file_path": "images/105_color.png",
            "distmap_path": "distmaps/105_color.png",
            "near": 0.48412676089495355,
            "far": 2.213275142244537,
            "transform_matrix": [
                [
                    0.765927,
                    0.642029,
                    0.0339856,
                    0.05596501354013989
                ],
                [
                    0.642857,
                    -0.763986,
                    -0.0553217,
                    -0.1218701893088845
                ],
                [
                    -0.00955363,
                    0.0642202,
                    -0.99789,
                    -0.9585400160476177
                ],
                [
                    0.0,
                    0.0,
                    0.0,
                    1.0
                ]
            ]
        },
        {
            "file_path": "images/110_color.png",
            "distmap_path": "distmaps/110_color.png",
            "near": 0.48170291732833653,
            "far": 2.2164241212899563,
            "transform_matrix": [
                [
                    0.766974,
                    0.640732,
                    0.0348259,
                    0.056973769663154324
                ],
                [
                    0.641678,
                    -0.765772,
                    -0.0429415,
                    -0.13172214536744045
                ],
                [
                    -0.000845276,
                    0.055282,
                    -0.99847,
                    -0.9577256913768849
                ],
                [
                    0.0,
                    0.0,
                    0.0,
                    1.0
                ]
            ]
        },
        {
            "file_path": "images/115_color.png",
            "distmap_path": "distmaps/115_color.png",
            "near": 0.47957630387552713,
            "far": 2.2212692239897995,
            "transform_matrix": [
                [
                    0.768341,
                    0.639024,
                    0.0360665,
                    0.05639962502171086
                ],
                [
                    0.639953,
                    -0.76795,
                    -0.026697,
                    -0.14461180693929146
                ],
                [
                    0.0106373,
                    0.0435932,
                    -0.998993,
                    -0.9574306130551868
                ],
                [
                    0.0,
                    0.0,
                    0.0,
                    1.0
                ]
            ]
        },
        {
            "file_path": "images/120_color.png",
            "distmap_path": "distmaps/120_color.png",
            "near": 0.4712602025929858,
            "far": 2.2269466651655856,
            "transform_matrix": [
                [
                    0.769873,
                    0.637096,
                    0.0374652,
                    0.056614643333645895
                ],
                [
                    0.637733,
                    -0.770225,
                    -0.00708935,
                    -0.16195051762511778
                ],
                [
                    0.02434,
                    0.0293507,
                    -0.999273,
                    -0.9560124071679557
                ],
                [
                    0.0,
                    0.0,
                    0.0,
                    1.0
                ]
            ]
        },
        {
            "file_path": "images/130_color.png",
            "distmap_path": "distmaps/130_color.png",
            "near": 0.45080598301325814,
            "far": 2.2419216498254335,
            "transform_matrix": [
                [
                    0.773379,
                    0.632612,
                    0.0410803,
                    0.05657118218548883
                ],
                [
                    0.631566,
                    -0.774466,
                    0.0364271,
                    -0.1969916401839796
                ],
                [
                    0.0548595,
                    -0.00222706,
                    -0.998492,
                    -0.956051293458412
                ],
                [
                    0.0,
                    0.0,
                    0.0,
                    1.0
                ]
            ]
        },
        {
            "file_path": "images/135_color.png",
            "distmap_path": "distmaps/135_color.png",
            "near": 0.4408603490054429,
            "far": 2.2561077003757397,
            "transform_matrix": [
                [
                    0.775621,
                    0.629673,
                    0.0438492,
                    0.05560359978178101
                ],
                [
                    0.626753,
                    -0.776528,
                    0.064691,
                    -0.2185163456659881
                ],
                [
                    0.0747843,
                    -0.0226931,
                    -0.996942,
                    -0.9608411694710929
                ],
                [
                    0.0,
                    0.0,
                    0.0,
                    1.0
                ]
            ]
        },
        {
            "file_path": "images/140_color.png",
            "distmap_path": "distmaps/140_color.png",
            "near": 0.429601161348068,
            "far": 2.272809310085408,
            "transform_matrix": [
                [
                    0.777886,
                    0.626651,
                    0.0469266,
                    0.05518271287331241
                ],
                [
                    0.620926,
                    -0.777968,
                    0.0960068,
                    -0.24460904656219137
                ],
                [
                    0.0966702,
                    -0.0455444,
                    -0.994274,
                    -0.9658254769360552
                ],
                [
                    0.0,
                    0.0,
                    0.0,
                    1.0
                ]
            ]
        },
        {
            "file_path": "images/145_color.png",
            "distmap_path": "distmaps/145_color.png",
            "near": 0.4185295851182,
            "far": 2.2893940804579387,
            "transform_matrix": [
                [
                    0.779839,
                    0.623986,
                    0.049913,
                    0.0535815126780514
                ],
                [
                    0.615131,
                    -0.778665,
                    0.123677,
                    -0.2667216212587459
                ],
                [
                    0.116038,
                    -0.065745,
                    -0.991067,
                    -0.9724292840270818
                ],
                [
                    0.0,
                    0.0,
                    0.0,
                    1.0
                ]
            ]
        },
        {
            "file_path": "images/155_color.png",
            "distmap_path": "distmaps/155_color.png",
            "near": 0.39814064970963464,
            "far": 2.3317925920547884,
            "transform_matrix": [
                [
                    0.783782,
                    0.618379,
                    0.0573892,
                    0.0503287888528213
                ],
                [
                    0.60067,
                    -0.778306,
                    0.182853,
                    -0.3123306651063302
                ],
                [
                    0.157738,
                    -0.108845,
                    -0.981464,
                    -0.9939311152205867
                ],
                [
                    0.0,
                    0.0,
                    0.0,
                    1.0
                ]
            ]
        },
        {
            "file_path": "images/160_color.png",
            "distmap_path": "distmaps/160_color.png",
            "near": 0.3950870622505297,
            "far": 2.34985362787014,
            "transform_matrix": [
                [
                    0.785184,
                    0.616314,
                    0.0603621,
                    0.04890829553673973
                ],
                [
                    0.594405,
                    -0.777416,
                    0.205688,
                    -0.3296899626518098
                ],
                [
                    0.173695,
                    -0.125623,
                    -0.976754,
                    -1.004068999885439
                ],
                [
                    0.0,
                    0.0,
                    0.0,
                    1.0
                ]
            ]
        },
        {
            "file_path": "images/165_color.png",
            "distmap_path": "distmaps/165_color.png",
            "near": 0.39339922451449455,
            "far": 2.3674845131515623,
            "transform_matrix": [
                [
                    0.786377,
                    0.614501,
                    0.063237,
                    0.047327682201132114
                ],
                [
                    0.588568,
                    -0.776388,
                    0.225411,
                    -0.3440138421128447
                ],
                [
                    0.187612,
                    -0.140039,
                    -0.972209,
                    -1.0152202155310068
                ],
                [
                    0.0,
                    0.0,
                    0.0,
                    1.0
                ]
            ]
        },
        {
            "file_path": "images/170_color.png",
            "distmap_path": "distmaps/170_color.png",
            "near": 0.3863783266645774,
            "far": 2.3837945093492485,
            "transform_matrix": [
                [
                    0.787497,
                    0.612783,
                    0.065923,
                    0.04670778898268097
                ],
                [
                    0.582641,
                    -0.775069,
                    0.244537,
                    -0.35816158955240074
                ],
                [
                    0.200943,
                    -0.154163,
                    -0.967396,
                    -1.0250584470164605
                ],
                [
                    0.0,
                    0.0,
                    0.0,
                    1.0
                ]
            ]
        },
        {
            "file_path": "images/180_color.png",
            "distmap_path": "distmaps/180_color.png",
            "near": 0.37236685317278867,
            "far": 2.410724008536206,
            "transform_matrix": [
                [
                    0.78906,
                    0.610284,
                    0.0702687,
                    0.0443357252648444
                ],
                [
                    0.573059,
                    -0.772448,
                    0.273731,
                    -0.3795376121591351
                ],
                [
                    0.221333,
                    -0.175722,
                    -0.959236,
                    -1.0423674211272318
                ],
                [
                    0.0,
                    0.0,
                    0.0,
                    1.0
                ]
            ]
        },
        {
            "file_path": "images/185_color.png",
            "distmap_path": "distmaps/185_color.png",
            "near": 0.3669874600392553,
            "far": 2.4218075029112724,
            "transform_matrix": [
                [
                    0.789625,
                    0.609339,
                    0.0720988,
                    0.043375005147687766
                ],
                [
                    0.569217,
                    -0.771319,
                    0.284708,
                    -0.386640078739543
                ],
                [
                    0.229095,
                    -0.183773,
                    -0.955899,
                    -1.0503253860976791
                ],
                [
                    0.0,
                    0.0,
                    0.0,
                    1.0
                ]
            ]
        },
        {
            "file_path": "images/190_color.png",
            "distmap_path": "distmaps/190_color.png",
            "near": 0.36304672090285894,
            "far": 2.4296650793218197,
            "transform_matrix": [
                [
                    0.78985,
                    0.608909,
                    0.0732635,
                    0.04205515870102253
                ],
                [
                    0.566633,
                    -0.77023,
                    0.292701,
                    -0.3927795377739437
                ],
                [
                    0.234658,
                    -0.189676,
                    -0.953393,
                    -1.0554309272917113
                ],
                [
                    0.0,
                    0.0,
                    0.0,
                    1.0
                ]
            ]
        },
        {
            "file_path": "images/195_color.png",
            "distmap_path": "distmaps/195_color.png",
            "near": 0.36054471395131654,
            "far": 2.43276040118365,
            "transform_matrix": [
                [
                    0.789954,
                    0.608701,
                    0.0738544,
                    0.0421786798589427
                ],
                [
                    0.56514,
                    -0.769511,
                    0.297439,
                    -0.39530485922475533
                ],
                [
                    0.237883,
                    -0.193225,
                    -0.95188,
                    -1.0573592298125756
                ],
                [
                    0.0,
                    0.0,
                    0.0,
                    1.0
                ]
            ]
        },
        {
            "file_path": "images/205_color.png",
            "distmap_path": "distmaps/205_color.png",
            "near": 0.3629216205552818,
            "far": 2.4261905130454835,
            "transform_matrix": [
                [
                    0.789563,
                    0.609296,
                    0.0731374,
                    0.044196192104971575
                ],
                [
                    0.566429,
                    -0.769442,
                    0.295157,
                    -0.38957484995457126
                ],
                [
                    0.236113,
                    -0.191618,
                    -0.952645,
                    -1.0534408641918869
                ],
                [
                    0.0,
                    0.0,
                    0.0,
                    1.0
                ]
            ]
        },
        {
            "file_path": "images/210_color.png",
            "distmap_path": "distmaps/210_color.png",
            "near": 0.3673628001758453,
            "far": 2.415967759421649,
            "transform_matrix": [
                [
                    0.78913,
                    0.610009,
                    0.0718463,
                    0.04644244723603769
                ],
                [
                    0.568938,
                    -0.770011,
                    0.288776,
                    -0.3810313031984286
                ],
                [
                    0.231479,
                    -0.187006,
                    -0.954697,
                    -1.0470223388377407
                ],
                [
                    0.0,
                    0.0,
                    0.0,
                    1.0
                ]
            ]
        },
        {
            "file_path": "images/215_color.png",
            "distmap_path": "distmaps/215_color.png",
            "near": 0.3708030988280747,
            "far": 2.404559667108216,
            "transform_matrix": [
                [
                    0.788544,
                    0.610958,
                    0.0702019,
                    0.04827467774518639
                ],
                [
                    0.572042,
                    -0.770601,
                    0.280965,
                    -0.37519378477227705
                ],
                [
                    0.225756,
                    -0.181395,
                    -0.957147,
                    -1.038128815467491
                ],
                [
                    0.0,
                    0.0,
                    0.0,
                    1.0
                ]
            ]
        },
        {
            "file_path": "images/220_color.png",
            "distmap_path": "distmaps/220_color.png",
            "near": 0.37511909991334375,
            "far": 2.3914596734010307,
            "transform_matrix": [
                [
                    0.787844,
                    0.612078,
                    0.0682885,
                    0.05102874208103539
                ],
                [
                    0.575837,
                    -0.77141,
                    0.27081,
                    -0.36627281225582303
                ],
                [
                    0.218436,
                    -0.174033,
                    -0.960207,
                    -1.0289036149139372
                ],
                [
                    0.0,
                    0.0,
                    0.0,
                    1.0
                ]
            ]
        },
        {
            "file_path": "images/230_color.png",
            "distmap_path": "distmaps/230_color.png",
            "near": 0.38419235308792876,
            "far": 2.3595716388820818,
            "transform_matrix": [
                [
                    0.785576,
                    0.615518,
                    0.0633079,
                    0.05609997184231198
                ],
                [
                    0.586151,
                    -0.773043,
                    0.242552,
                    -0.34289757683386274
                ],
                [
                    0.198235,
                    -0.153435,
                    -0.96807,
                    -1.0073583225722755
                ],
                [
                    0.0,
                    0.0,
                    0.0,
                    1.0
                ]
            ]
        },
        {
            "file_path": "images/235_color.png",
            "distmap_path": "distmaps/235_color.png",
            "near": 0.38451128721862926,
            "far": 2.3427720699285066,
            "transform_matrix": [
                [
                    0.784438,
                    0.617215,
                    0.0608525,
                    0.05869620358748522
                ],
                [
                    0.591159,
                    -0.773766,
                    0.227634,
                    -0.32966022607675505
                ],
                [
                    0.187585,
                    -0.142591,
                    -0.971843,
                    -0.9964221252386426
                ],
                [
                    0.0,
                    0.0,
                    0.0,
                    1.0
                ]
            ]
        },
        {
            "file_path": "images/240_color.png",
            "distmap_path": "distmaps/240_color.png",
            "near": 0.3826557779162023,
            "far": 2.318757360158011,
            "transform_matrix": [
                [
                    0.782759,
                    0.61969,
                    0.0572028,
                    0.06445594943272398
                ],
                [
                    0.59791,
                    -0.77436,
                    0.207049,
                    -0.3111617889637897
                ],
                [
                    0.172602,
                    -0.127868,
                    -0.976657,
                    -0.9804947581534965
                ],
                [
                    0.0,
                    0.0,
                    0.0,
                    1.0
                ]
            ]
        },
        {
            "file_path": "images/245_color.png",
            "distmap_path": "distmaps/245_color.png",
            "near": 0.38781701975557287,
            "far": 2.2952975840842873,
            "transform_matrix": [
                [
                    0.780681,
                    0.622621,
                    0.0536619,
                    0.06702015717399191
                ],
                [
                    0.605281,
                    -0.774705,
                    0.182942,
                    -0.29052003101802504
                ],
                [
                    0.155476,
                    -0.110339,
                    -0.981658,
                    -0.9663584478581924
                ],
                [
                    0.0,
                    0.0,
                    0.0,
                    1.0
                ]
            ]
        },
        {
            "file_path": "images/255_color.png",
            "distmap_path": "distmaps/255_color.png",
            "near": 0.4080835497200762,
            "far": 2.245449600547564,
            "transform_matrix": [
                [
                    0.776021,
                    0.628988,
                    0.04653,
                    0.07416608490255681
                ],
                [
                    0.619475,
                    -0.773986,
                    0.131133,
                    -0.24236965371767627
                ],
                [
                    0.118495,
                    -0.0729379,
                    -0.990272,
                    -0.9379897552558681
                ],
                [
                    0.0,
                    0.0,
                    0.0,
                    1.0
                ]
            ]
        },
        {
            "file_path": "images/260_color.png",
            "distmap_path": "distmaps/260_color.png",
            "near": 0.41577733837764475,
            "far": 2.219036366156035,
            "transform_matrix": [
                [
                    0.772732,
                    0.633308,
                    0.0424897,
                    0.07913895522326736
                ],
                [
                    0.627566,
                    -0.772326,
                    0.0983542,
                    -0.21192397571921362
                ],
                [
                    0.0951044,
                    -0.0493364,
                    -0.994244,
                    -0.9249880096703486
                ],
                [
                    0.0,
                    0.0,
                    0.0,
                    1.0
                ]
            ]
        },
        {
            "file_path": "images/265_color.png",
            "distmap_path": "distmaps/265_color.png",
            "near": 0.4298513620432221,
            "far": 2.193693922104154,
            "transform_matrix": [
                [
                    0.769474,
                    0.637501,
                    0.0387716,
                    0.08315110542682143
                ],
                [
                    0.634646,
                    -0.770016,
                    0.0655759,
                    -0.18181226233290526
                ],
                [
                    0.0716594,
                    -0.0258527,
