{
    "camera_model": "FISHEYE_OPENCV",
    "fx": 767.3861511125845,
    "fy": 767.5058656118406,
    "cx": 679.054265997005,
    "cy": 543.646891684636,
    "k1": -0.18867185058223412,
    "k2": -0.003927337093919806,
    "k3": 0.030524814153620117,
    "k4": -0.012756926010904904,
    "p1": 0,
    "p2": 0,
    "w": 1350,
    "h": 1080,
    "camera_angle_x": 1.4428692492187012,
    "camera_angle_y": 1.2262461230200543,
    "scene_scale": 0.012350650252874339,
    "dist_ftype": "png",
    "distmap": "dense",
    "rgb_mask": "rgb_mask.png",
    "scene_T": [
        [
            1.0,
            0.0,
            0.0,
            -62.26006061098225
        ],
        [
            0.0,
            1.0,
            0.0,
            -95.43598004711043
        ],
        [
            0.0,
            0.0,
            1.0,
            92.84126296209055
        ],
        [
            0.0,
            0.0,
            0.0,
            1.0
        ]
    ],
    "distmap_scale": 3.141592653589793,
    "frames": [
        {
            "file_path": "images/0_color.png",
            "distmap_path": "distmaps/0_color.png",
            "near": 0.11552401415250946,
            "far": 1.5917998605425159,
            "transform_matrix": [
                [
                    -0.763739,
                    -0.62105,
                    0.176067,
                    -0.11071691771190999
                ],
                [
                    0.00611359,
                    0.265778,
                    0.964015,
                    0.42365225140525614
                ],
                [
                    -0.645496,
                    0.737332,
                    -0.199189,
                    -0.07855676837567298
                ],
                [
                    0.0,
                    0.0,
                    0.0,
                    1.0
                ]
            ]
        },
        {
            "file_path": "images/5_color.png",
            "distmap_path": "distmaps/5_color.png",
            "near": 0.11700028996715851,
            "far": 1.5882672174038142,
            "transform_matrix": [
                [
                    -0.764301,
                    -0.622953,
                    0.166654,
                    -0.10883344354834669
                ],
                [
                    -0.000540543,
                    0.259053,
                    0.965863,
                    0.42035462778773874
                ],
                [
                    -0.644859,
                    0.73812,
                    -0.198331,
                    -0.07964856585802699
                ],
                [
                    0.0,
                    0.0,
                    0.0,
                    1.0
                ]
            ]
        },
        {
            "file_path": "images/10_color.png",
            "distmap_path": "distmaps/10_color.png",
            "near": 0.11816906003619,
            "far": 1.586637695295521,
            "transform_matrix": [
                [
                    -0.764835,
                    -0.624481,
                    0.158272,
                    -0.10673012781028214
                ],
                [
                    -0.00633164,
                    0.252953,
                    0.967458,
                    0.4177239392838766
                ],
                [
                    -0.644195,
                    0.738944,
                    -0.197421,
                    -0.0807811204862156
                ],
                [
                    0.0,
                    0.0,
                    0.0,
                    1.0
                ]
            ]
        },
        {
            "file_path": "images/15_color.png",
            "distmap_path": "distmaps/15_color.png",
            "near": 0.11944869100033505,
            "far": 1.5847497539757311,
            "transform_matrix": [
                [
                    -0.765179,
                    -0.626177,
                    0.149678,
                    -0.10459223025150961
                ],
                [
                    -0.0124238,
                    0.246802,
                    0.968986,
                    0.415698432642405
                ],
                [
                    -0.643697,
                    0.739589,
                    -0.196627,
                    -0.08188032835872139
                ],
                [
                    0.0,
                    0.0,
                    0.0,
                    1.0
                ]
            ]
        },
        {
            "file_path": "images/20_color.png",
            "distmap_path": "distmaps/20_color.png",
            "near": 0.11944959835989755,
            "far": 1.5828541258212494,
            "transform_matrix": [
                [
                    -0.765481,
                    -0.627459,
                    0.142595,
                    -0.10384625097623598
                ],
                [
                    -0.0173992,
                    0.24171,
                    0.970193,
                    0.41295658828626713
                ],
                [
                    -0.643223,
                    0.740183,
                    -0.195942,
                    -0.08285108946859725
                ],
                [
                    0.0,
                    0.0,
                    0.0,
                    1.0
                ]
            ]
        },
        {
            "file_path": "images/30_color.png",
            "distmap_path": "distmaps/30_color.png",
            "near": 0.12215948101835754,
            "far": 1.580288237920386,
            "transform_matrix": [
                [
                    -0.765978,
                    -0.629947,
                    0.128236,
                    -0.10012005979494383
                ],
                [
                    -0.0274298,
                    0.231319,
                    0.972491,
                    0.4098071724717839
                ],
                [
                    -0.642281,
                    0.74139,
                    -0.194465,
                    -0.08459747141435374
                ],
                [
                    0.0,
                    0.0,
                    0.0,
                    1.0
                ]
            ]
        },
        {
            "file_path": "images/35_color.png",
            "distmap_path": "distmaps/35_color.png",
            "near": 0.12289480364609219,
            "far": 1.5782851256503312,
            "transform_matrix": [
                [
                    -0.766178,
                    -0.631074,
                    0.121317,
                    -0.09894304282584489
                ],
                [
                    -0.032267,
                    0.226324,
                    0.973518,
                    0.4078187177810711
                ],
                [
                    -0.641818,
                    0.741973,
                    -0.193767,
                    -0.0856089896700642
                ],
                [
                    0.0,
                    0.0,
                    0.0,
                    1.0
                ]
            ]
        },
        {
            "file_path": "images/40_color.png",
            "distmap_path": "distmaps/40_color.png",
            "near": 0.12308249386412776,
            "far": 1.5770921361511,
            "transform_matrix": [
                [
                    -0.766273,
                    -0.631927,
                    0.116164,
                    -0.0985490570827782
                ],
                [
                    -0.0358677,
                    0.222585,
                    0.974253,
                    0.4061390293466802
                ],
                [
                    -0.641514,
                    0.742377,
                    -0.193227,
                    -0.08589675982095607
                ],
                [
                    0.0,
                    0.0,
                    0.0,
                    1.0
                ]
            ]
        },
        {
            "file_path": "images/45_color.png",
            "distmap_path": "distmaps/45_color.png",
            "near": 0.12446810125033785,
            "far": 1.5749655356198942,
            "transform_matrix": [
                [
                    -0.766446,
                    -0.632798,
                    0.110122,
                    -0.09685207773803327
                ],
                [
                    -0.0400543,
                    0.218201,
                    0.975082,
                    0.40489161367113996
                ],
                [
                    -0.641058,
                    0.742937,
                    -0.192586,
                    -0.08688851703626198
                ],
                [
                    0.0,
                    0.0,
                    0.0,
                    1.0
                ]
            ]
        },
        {
            "file_path": "images/55_color.png",
            "distmap_path": "distmaps/55_color.png",
            "near": 0.12598900450278075,
            "far": 1.5749809691006407,
            "transform_matrix": [
                [
                    -0.766536,
                    -0.634398,
                    0.0998073,
                    -0.09496983863949522
                ],
                [
                    -0.0472501,
                    0.210706,
                    0.976407,
                    0.40305136678346165
                ],
                [
                    -0.64046,
                    0.743735,
                    -0.191489,
                    -0.08806182881028503
                ],
                [
                    0.0,
                    0.0,
                    0.0,
                    1.0
                ]
            ]
        },
        {
            "file_path": "images/60_color.png",
            "distmap_path": "distmaps/60_color.png",
            "near": 0.12566262609213227,
            "far": 1.573437922782353,
            "transform_matrix": [
                [
                    -0.766499,
                    -0.635115,
                    0.0954307,
                    -0.09452151003531582
                ],
                [
                    -0.0503132,
                    0.207513,
                    0.976938,
                    0.4019151069601972
                ],
                [
                    -0.640271,
                    0.744021,
                    -0.191014,
                    -0.08906964187091951
                ],
                [
                    0.0,
                    0.0,
                    0.0,
                    1.0
                ]
            ]
        },
        {
            "file_path": "images/65_color.png",
            "distmap_path": "distmaps/65_color.png",
            "near": 0.1256118715158724,
            "far": 1.5732260052951672,
            "transform_matrix": [
                [
                    -0.766549,
                    -0.635672,
                    0.0912304,
                    -0.09379652686547217
                ],
                [
                    -0.053237,
                    0.204476,
                    0.977423,
                    0.40093940559022023
                ],
                [
                    -0.639975,
                    0.744386,
                    -0.190582,
                    -0.08906964187091951
                ],
                [
                    0.0,
                    0.0,
                    0.0,
                    1.0
                ]
            ]
        },
        {
            "file_path": "images/70_color.png",
            "distmap_path": "distmaps/70_color.png",
            "near": 0.12548564780396249,
            "far": 1.5727183291813989,
            "transform_matrix": [
                [
                    -0.766562,
                    -0.636189,
                    0.0874418,
                    -0.09316170344247442
                ],
                [
                    -0.0558606,
                    0.20171,
                    0.977851,
                    0.4001366133237834
                ],
                [
                    -0.639736,
                    0.744699,
                    -0.190161,
                    -0.0896624730830575
                ],
                [
                    0.0,
                    0.0,
                    0.0,
                    1.0
                ]
            ]
        },
        {
            "file_path": "images/80_color.png",
            "distmap_path": "distmaps/80_color.png",
            "near": 0.1254671083034543,
            "far": 1.570983261518396,
            "transform_matrix": [
                [
                    -0.766647,
                    -0.636974,
                    0.0807203,
                    -0.09178707606932951
                ],
                [
                    -0.0604107,
                    0.196721,
                    0.978597,
                    0.3986051326924269
                ],
                [
                    -0.63922,
                    0.745362,
                    -0.189296,
                    -0.09040351209822999
                ],
                [
                    0.0,
                    0.0,
                    0.0,
                    1.0
                ]
            ]
        },
        {
            "file_path": "images/85_color.png",
            "distmap_path": "distmaps/85_color.png",
            "near": 0.12560683602640318,
            "far": 1.5710964347030172,
            "transform_matrix": [
                [
                    -0.766567,
                    -0.63755,
                    0.0768395,
                    -0.09092376561665354
                ],
                [
                    -0.0631736,
                    0.193947,
                    0.978976,
                    0.39781469107624307
                ],
                [
                    -0.639049,
                    0.745597,
                    -0.18895,
                    -0.09055171990126448
                ],
                [
                    0.0,
                    0.0,
                    0.0,
                    1.0
                ]
            ]
        },
        {
            "file_path": "images/90_color.png",
            "distmap_path": "distmaps/90_color.png",
            "near": 0.1248082212859144,
            "far": 1.5687510669705302,
            "transform_matrix": [
                [
                    -0.76665,
                    -0.637783,
                    0.0740311,
                    -0.09089288899102138
                ],
                [
                    -0.0650168,
                    0.191824,
                    0.979274,
                    0.3963573143464039
                ],
                [
                    -0.638765,
                    0.745947,
                    -0.188528,
                    -0.09078638225606898
                ],
                [
                    0.0,
                    0.0,
                    0.0,
                    1.0
                ]
            ]
        },
        {
            "file_path": "images/95_color.png",
            "distmap_path": "distmaps/95_color.png",
            "near": 0.12450511008684177,
            "far": 1.5680772282808804,
            "transform_matrix": [
                [
                    -0.766593,
                    -0.638241,
                    0.0705915,
                    -0.09030129284390871
                ],
                [
                    -0.0674345,
                    0.189342,
                    0.979593,
                    0.395159301271875
                ],
                [
                    -0.638582,
                    0.746189,
                    -0.188188,
                    -0.09134216151744835
                ],
                [
                    0.0,
                    0.0,
                    0.0,
                    1.0
                ]
            ]
        },
        {
            "file_path": "images/105_color.png",
            "distmap_path": "distmaps/105_color.png",
            "near": 0.12484855377401016,
            "far": 1.5661591450158234,
            "transform_matrix": [
                [
                    -0.766675,
                    -0.638828,
                    0.0640876,
                    -0.08847339660648328
                ],
                [
                    -0.0717946,
                    0.184498,
                    0.980207,
                    0.39318319723141515
                ],
                [
                    -0.638008,
                    0.746899,
                    -0.187314,
                    -0.09088518745809211
                ],
                [
                    0.0,
                    0.0,
                    0.0,
                    1.0
                ]
            ]
        },
        {
            "file_path": "images/110_color.png",
            "distmap_path": "distmaps/110_color.png",
            "near": 0.12494871025749853,
            "far": 1.565115113816276,
            "transform_matrix": [
                [
                    -0.766698,
                    -0.639167,
                    0.060327,
                    -0.08732972639306714
                ],
                [
                    -0.0743199,
                    0.181696,
                    0.980542,
                    0.39183697635385195
                ],
                [
                    -0.637692,
                    0.747296,
                    -0.186808,
                    -0.09108279786213798
                ],
                [
                    0.0,
                    0.0,
                    0.0,
                    1.0
                ]
            ]
        },
        {
            "file_path": "images/115_color.png",
            "distmap_path": "distmaps/115_color.png",
            "near": 0.12474806543140739,
            "far": 1.5641132096039372,
            "transform_matrix": [
                [
                    -0.766672,
                    -0.639575,
                    0.0561961,
                    -0.08646518087536594
                ],
                [
                    -0.0771035,
                    0.178611,
                    0.980894,
                    0.3902931450722426
                ],
                [
                    -0.637393,
                    0.747691,
                    -0.18625,
                    -0.0913298108671956
                ],
                [
                    0.0,
                    0.0,
                    0.0,
                    1.0
                ]
            ]
        },
        {
            "file_path": "images/120_color.png",
            "distmap_path": "distmaps/120_color.png",
            "near": 0.12496364329869765,
            "far": 1.5628090914216977,
            "transform_matrix": [
                [
                    -0.766725,
                    -0.639837,
                    0.052359,
                    -0.08524246650033142
                ],
                [
                    -0.0796336,
                    0.17572,
                    0.981214,
                    0.38893457354442645
                ],
                [
                    -0.637018,
                    0.748152,
                    -0.185682,
                    -0.09130510956668973
                ],
                [
                    0.0,
                    0.0,
                    0.0,
                    1.0
                ]
            ]
        },
        {
            "file_path": "images/130_color.png",
            "distmap_path": "distmaps/130_color.png",
            "near": 0.12491417720455492,
            "far": 1.5598661876887219,
            "transform_matrix": [
                [
                    -0.766627,
                    -0.640698,
                    0.0422983,
                    -0.08304528582034507
                ],
                [
                    -0.0864505,
                    0.168269,
                    0.981943,
                    0.38521702781831124
                ],
                [
                    -0.636247,
                    0.749127,
                    -0.184388,
                    -0.09114455111340247
                ],
                [
                    0.0,
                    0.0,
                    0.0,
                    1.0
                ]
            ]
        },
        {
            "file_path": "images/135_color.png",
            "distmap_path": "distmaps/135_color.png",
            "near": 0.1251852051584205,
            "far": 1.5581688982378457,
            "transform_matrix": [
                [
                    -0.766581,
                    -0.641072,
                    0.0371629,
                    -0.08179416494972887
                ],
                [
                    -0.0898867,
                    0.164428,
                    0.982285,
                    0.3835620406844261
                ],
                [
                    -0.635826,
                    0.74966,
                    -0.183671,
                    -0.09081108355657486
                ],
                [
                    0.0,
                    0.0,
                    0.0,
                    1.0
                ]
            ]
        },
        {
            "file_path": "images/140_color.png",
            "distmap_path": "distmaps/140_color.png",
            "near": 0.12572640500365317,
            "far": 1.5560678158399173,
            "transform_matrix": [
                [
                    -0.766594,
                    -0.64135,
                    0.0316891,
                    -0.08005148819904828
                ],
                [
                    -0.0934769,
                    0.160283,
                    0.982635,
                    0.38173414444700055
                ],
                [
                    -0.635292,
                    0.75032,
                    -0.182823,
                    -0.09099634331036797
                ],
                [
                    0.0,
                    0.0,
                    0.0,
                    1.0
                ]
            ]
        },
        {
            "file_path": "images/145_color.png",
            "distmap_path": "distmaps/145_color.png",
            "near": 0.12575416467528966,
            "far": 1.5541585642220423,
            "transform_matrix": [
                [
                    -0.76639,
                    -0.641901,
                    0.0246785,
                    -0.07871267771163674
                ],
                [
                    -0.0982027,
                    0.155041,
                    0.983015,
                    0.37923931309591996
                ],
                [
                    -0.634825,
                    0.750949,
                    -0.181858,
                    -0.09098399266011505
                ],
                [
                    0.0,
                    0.0,
                    0.0,
                    1.0
                ]
            ]
        },
        {
            "file_path": "images/155_color.png",
            "distmap_path": "distmaps/155_color.png",
            "near": 0.12700104533122844,
            "far": 1.5506515734529858,
            "transform_matrix": [
                [
                    -0.766077,
                    -0.642659,
                    0.0107207,
                    -0.07522238395017443
                ],
                [
                    -0.107533,
                    0.144593,
                    0.983631,
                    0.37501539070943696
                ],
                [
                    -0.633689,
                    0.752385,
                    -0.179877,
                    -0.0910580965616323
                ],
                [
                    0.0,
                    0.0,
                    0.0,
                    1.0
                ]
            ]
        },
        {
            "file_path": "images/160_color.png",
            "distmap_path": "distmaps/160_color.png",
            "near": 0.12717072767020127,
            "far": 1.547882680833447,
            "transform_matrix": [
                [
                    -0.765851,
                    -0.643006,
                    0.00389117,
                    -0.07402684100569618
                ],
                [
                    -0.112075,
                    0.13944,
                    0.983868,
                    0.37255761130911497
                ],
                [
                    -0.633176,
                    0.75306,
                    -0.178855,
                    -0.09045291469924155
                ],
                [
                    0.0,
                    0.0,
                    0.0,
                    1.0
                ]
            ]
        },
        {
            "file_path": "images/165_color.png",
            "distmap_path": "distmaps/165_color.png",
            "near": 0.12665349922442748,
            "far": 1.5453779859011567,
            "transform_matrix": [
                [
                    -0.765586,
                    -0.643324,
                    -0.00340271,
                    -0.07281894741096508
                ],
                [
                    -0.116941,
                    0.133961,
                    0.984063,
                    0.3702727410123332
                ],
                [
                    -0.632615,
                    0.753783,
                    -0.17779,
                    -0.09041586274848293
                ],
                [
                    0.0,
                    0.0,
                    0.0,
                    1.0
                ]
            ]
        },
        {
            "file_path": "images/170_color.png",
            "distmap_path": "distmaps/170_color.png",
            "near": 0.1264459648344723,
            "far": 1.5435722440606017,
            "transform_matrix": [
                [
                    -0.765182,
                    -0.643701,
                    -0.0120305,
                    -0.07085395895573274
                ],
                [
                    -0.122722,
                    0.127488,
                    0.984219,
                    0.36787671486327556
                ],
                [
                    -0.632009,
                    0.754583,
                    -0.176548,
                    -0.0903788107977243
                ],
                [
                    0.0,
                    0.0,
                    0.0,
                    1.0
                ]
            ]
        },
        {
            "file_path": "images/180_color.png",
            "distmap_path": "distmaps/180_color.png",
            "near": 0.12502590288469162,
            "far": 1.5378143651822345,
            "transform_matrix": [
                [
                    -0.764339,
                    -0.644117,
                    -0.0299841,
                    -0.06769095742597166
                ],
                [
                    -0.13458,
                    0.113877,
                    0.984337,
                    0.36202250664341323
                ],
                [
                    -0.630614,
                    0.756403,
                    -0.173726,
                    -0.0902306029946898
                ],
                [
                    0.0,
                    0.0,
                    0.0,
                    1.0
                ]
            ]
        },
        {
            "file_path": "images/185_color.png",
            "distmap_path": "distmaps/185_color.png",
            "near": 0.12521451129386058,
            "far": 1.53621631599863,
            "transform_matrix": [
                [
                    -0.763741,
                    -0.644331,
                    -0.0392059,
                    -0.06572102871063819
                ],
                [
                    -0.140723,
                    0.106912,
                    0.98426,
                    0.3600834545537118
                ],
                [
                    -0.629998,
                    0.757236,
                    -0.172325,
                    -0.09032940819671274
                ],
                [
                    0.0,
                    0.0,
                    0.0,
                    1.0
                ]
            ]
        },
        {
            "file_path": "images/190_color.png",
            "distmap_path": "distmaps/190_color.png",
            "near": 0.12470553813697566,
            "far": 1.5337057301142512,
            "transform_matrix": [
                [
                    -0.763024,
                    -0.644422,
                    -0.050148,
                    -0.06399193767523577
                ],
                [
                    -0.147962,
                    0.0986147,
                    0.984064,
                    0.3571810517442864
                ],
                [
                    -0.629207,
                    0.758285,
                    -0.170595,
                    -0.09066287575354036
                ],
                [
                    0.0,
                    0.0,
                    0.0,
                    1.0
                ]
            ]
        },
        {
            "file_path": "images/195_color.png",
            "distmap_path": "distmaps/195_color.png",
            "near": 0.12507805811976666,
            "far": 1.5313328479504613,
            "transform_matrix": [
                [
                    -0.762278,
                    -0.644454,
                    -0.060091,
                    -0.06208870247126784
                ],
                [
                    -0.154544,
                    0.0910678,
                    0.98378,
                    0.35520494770382655
                ],
                [
                    -0.628528,
                    0.759201,
                    -0.169015,
                    -0.09028000559570118
                ],
                [
                    0.0,
                    0.0,
                    0.0,
                    1.0
                ]
            ]
        },
        {
            "file_path": "images/205_color.png",
            "distmap_path": "distmaps/205_color.png",
            "near": 0.12385343368939646,
            "far": 1.5254583108642894,
            "transform_matrix": [
                [
                    -0.760503,
                    -0.644235,
                    -0.0812207,
                    -0.05987176075087693
                ],
                [
                    -0.168466,
                    0.0749583,
                    0.982853,
                    0.3492889862326997
                ],
                [
                    -0.6271,
                    0.761145,
                    -0.165538,
                    -0.09041586274848293
                ],
                [
                    0.0,
                    0.0,
                    0.0,
                    1.0
                ]
            ]
        },
        {
            "file_path": "images/210_color.png",
            "distmap_path": "distmaps/210_color.png",
            "near": 0.1243970704240598,
            "far": 1.5241277877017285,
            "transform_matrix": [
                [
                    -0.759609,
                    -0.644035,
                    -0.0906289,
                    -0.05834275024957106
                ],
                [
                    -0.174675,
                    0.0677922,
                    0.98229,
                    0.34770810300033184
                ],
                [
                    -0.626485,
                    0.761987,
                    -0.163992,
                    -0.09025530429519549
                ],
                [
                    0.0,
                    0.0,
                    0.0,
                    1.0
                ]
            ]
        },
        {
            "file_path": "images/215_color.png",
            "distmap_path": "distmaps/215_color.png",
            "near": 0.12448567609911246,
            "far": 1.5216327019198774,
            "transform_matrix": [
                [
                    -0.75855,
                    -0.643766,
                    -0.10083,
                    -0.057310235888430795
                ],
                [
                    -0.181367,
                    0.0599642,
                    0.981586,
                    0.3455220379055732
                ],
                [
                    -0.625865,
                    0.762869,
                    -0.162244,
                    -0.08988478478760925
                ],
                [
                    0.0,
                    0.0,
                    0.0,
                    1.0
                ]
            ]
        },
        {
            "file_path": "images/220_color.png",
            "distmap_path": "distmaps/220_color.png",
            "near": 0.12494518615179813,
            "far": 1.520311139864511,
            "transform_matrix": [
                [
                    -0.757465,
                    -0.643511,
                    -0.110185,
                    -0.05624807996668353
                ],
                [
                    -0.187555,
                    0.0528246,
                    0.980833,
                    0.3442375702792742
                ],
                [
                    -0.625356,
                    0.763612,
                    -0.160706,
                    -0.08994653803887356
                ],
                [
                    0.0,
                    0.0,
                    0.0,
                    1.0
                ]
            ]
        },
        {
            "file_path": "images/230_color.png",
            "distmap_path": "distmaps/230_color.png",
            "near": 0.12483835739390169,
            "far": 1.5159383668995245,
            "transform_matrix": [
                [
                    -0.755576,
                    -0.642738,
                    -0.126461,
                    -0.05526249807650418
                ],
                [
                    -0.198212,
                    0.0403225,
                    0.979329,
                    0.3404212193511359
                ],
                [
                    -0.624353,
                    0.765024,
                    -0.157865,
                    -0.08969952503381612
                ],
                [
                    0.0,
                    0.0,
                    0.0,
                    1.0
                ]
            ]
        },
        {
            "file_path": "images/235_color.png",
            "distmap_path": "distmaps/235_color.png",
            "near": 0.12630660412536937,
            "far": 1.515276670365339,
            "transform_matrix": [
                [
                    -0.754613,
                    -0.642216,
                    -0.134606,
                    -0.05362480185297308
                ],
                [
                    -0.203499,
                    0.034028,
                    0.978484,
                    0.33963077773495204
                ],
                [
                    -0.623817,
                    0.765768,
                    -0.156368,
                    -0.08953896658052869
                ],
                [
                    0.0,
                    0.0,
                    0.0,
                    1.0
                ]
            ]
        },
        {
            "file_path": "images/240_color.png",
            "distmap_path": "distmaps/240_color.png",
            "near": 0.1257257584993507,
            "far": 1.5127549667060571,
            "transform_matrix": [
                [
                    -0.753556,
                    -0.64182,
                    -0.142198,
                    -0.05382488238706962
                ],
                [
                    -0.208512,
                    0.0282187,
                    0.977613,
                    0.33758056979297496
                ],
                [
                    -0.623438,
                    0.766336,
                    -0.155092,
                    -0.08979833023583907
                ],
                [
                    0.0,
                    0.0,
                    0.0,
                    1.0
                ]
            ]
        },
        {
            "file_path": "images/245_color.png",
            "distmap_path": "distmaps/245_color.png",
            "near": 0.12630062258435304,
            "far": 1.5123124755420059,
            "transform_matrix": [
                [
                    -0.752703,
                    -0.641397,
                    -0.148486,
                    -0.05329874468629717
                ],
                [
                    -0.212596,
                    0.023342,
                    0.976861,
                    0.3370618424823542
                ],
                [
                    -0.62309,
                    0.766854,
                    -0.153928,
                    -0.08988478478760925
                ],
                [
                    0.0,
                    0.0,
                    0.0,
                    1.0
                ]
            ]
        },
        {
            "file_path": "images/255_color.png",
            "distmap_path": "distmaps/255_color.png",
            "near": 0.12730207143743594,
            "far": 1.5102497506472392,
            "transform_matrix": [
                [
                    -0.75086,
                    -0.640445,
                    -0.161365,
                    -0.052430493973520155
                ],
                [
                    -0.220991,
                    0.0133858,
                    0.975184,
                    0.3352709981956873
                ],
                [
                    -0.622392,
                    0.767887,
                    -0.151584,
                    -0.08958836918154026
                ],
                [
                    0.0,
                    0.0,
                    0.0,
                    1.0
                ]
            ]
        },
        {
            "file_path": "images/260_color.png",
            "distmap_path": "distmaps/260_color.png",
            "near": 0.12703165162268285,
            "far": 1.5088256569301313,
            "transform_matrix": [
                [
                    -0.75003,
                    -0.640019,
                    -0.166827,
                    -0.05266762645837531
                ],
                [
                    -0.22457,
                    0.00917994,
                    0.974415,
                    0.3341717903231815
                ],
                [
                    -0.622112,
                    0.768304,
                    -0.150614,
                    -0.08961307048204595
                ],
                [
                    0.0,
                    0.0,
                    0.0,
                    1.0
                ]
            ]
        },
        {
            "file_path": "images/265_color.png",
            "distmap_path": "distmaps/265_color.png",
            "near": 0.1274278005942681,
            "far": 1.508172485454757,
            "transform_matrix": [
                [
                    -0.749295,
                    -0.639597,
                    -0.171673,
                    -0.05232551344637066
                ],
                [
                    -0.22773,
                    0.00543699,
                    0.973709,
