{
    "camera_model": "FISHEYE_OPENCV",
    "fx": 767.3861511125845,
    "fy": 767.5058656118406,
    "cx": 679.054265997005,
    "cy": 543.646891684636,
    "k1": -0.18867185058223412,
    "k2": -0.003927337093919806,
    "k3": 0.030524814153620117,
    "k4": -0.012756926010904904,
    "p1": 0,
    "p2": 0,
    "w": 1350,
    "h": 1080,
    "camera_angle_x": 1.4428692492187012,
    "camera_angle_y": 1.2262461230200543,
    "scene_scale": 0.02087100678081987,
    "dist_ftype": "png",
    "distmap": "dense",
    "rgb_mask": "rgb_mask.png",
    "scene_T": [
        [
            1.0,
            0.0,
            0.0,
            -54.99727062265583
        ],
        [
            0.0,
            1.0,
            0.0,
            -41.03930725447272
        ],
        [
            0.0,
            0.0,
            1.0,
            58.48241668162457
        ],
        [
            0.0,
            0.0,
            0.0,
            1.0
        ]
    ],
    "distmap_scale": 3.141592653589793,
    "frames": [
        {
            "file_path": "images/0_color.png",
            "distmap_path": "distmaps/0_color.png",
            "near": 0.27210885646207056,
            "far": 1.8656481538627854,
            "transform_matrix": [
                [
                    -0.786139,
                    -0.617869,
                    0.0149068,
                    -0.014147842361968444
                ],
                [
                    -0.602613,
                    0.760925,
                    -0.240524,
                    -0.07545092802149121
                ],
                [
                    0.137269,
                    -0.198068,
                    -0.970529,
                    -0.4388397017132534
                ],
                [
                    0.0,
                    0.0,
                    0.0,
                    1.0
                ]
            ]
        },
        {
            "file_path": "images/5_color.png",
            "distmap_path": "distmaps/5_color.png",
            "near": 0.2733799304225164,
            "far": 1.8705992738635715,
            "transform_matrix": [
                [
                    -0.787105,
                    -0.61661,
                    0.0160351,
                    -0.014437949356221832
                ],
                [
                    -0.602037,
                    0.762327,
                    -0.237505,
                    -0.07580364803608707
                ],
                [
                    0.134224,
                    -0.196595,
                    -0.971254,
                    -0.4529401538943751
                ],
                [
                    0.0,
                    0.0,
                    0.0,
                    1.0
                ]
            ]
        },
        {
            "file_path": "images/10_color.png",
            "distmap_path": "distmaps/10_color.png",
            "near": 0.2762390215291624,
            "far": 1.8766031440677828,
            "transform_matrix": [
                [
                    -0.788097,
                    -0.615312,
                    0.0171392,
                    -0.01384103856229044
                ],
                [
                    -0.601428,
                    0.763788,
                    -0.234331,
                    -0.07564294128387476
                ],
                [
                    0.131096,
                    -0.194983,
                    -0.972006,
                    -0.46815094363623677
                ],
                [
                    0.0,
                    0.0,
                    0.0,
                    1.0
                ]
            ]
        },
        {
            "file_path": "images/15_color.png",
            "distmap_path": "distmaps/15_color.png",
            "near": 0.2780948447669135,
            "far": 1.883841541221922,
            "transform_matrix": [
                [
                    -0.78902,
                    -0.6141,
                    0.018149,
                    -0.013646938199228747
                ],
                [
                    -0.600844,
                    0.76515,
                    -0.231371,
                    -0.0761417583459363
                ],
                [
                    0.128198,
                    -0.193461,
                    -0.972696,
                    -0.4816920528356326
                ],
                [
                    0.0,
                    0.0,
                    0.0,
                    1.0
                ]
            ]
        },
        {
            "file_path": "images/20_color.png",
            "distmap_path": "distmaps/20_color.png",
            "near": 0.27860930398375283,
            "far": 1.8892321022191105,
            "transform_matrix": [
                [
                    -0.789652,
                    -0.613264,
                    0.0188562,
                    -0.013196124452763051
                ],
                [
                    -0.600446,
                    0.766098,
                    -0.229256,
                    -0.07647152025307323
                ],
                [
                    0.126149,
                    -0.192355,
                    -0.973183,
                    -0.4922277370585905
                ],
                [
                    0.0,
                    0.0,
                    0.0,
                    1.0
                ]
            ]
        },
        {
            "file_path": "images/30_color.png",
            "distmap_path": "distmaps/30_color.png",
            "near": 0.2774320246836989,
            "far": 1.900643314907922,
            "transform_matrix": [
                [
                    -0.791164,
                    -0.611261,
                    0.0204748,
                    -0.01298324018359874
                ],
                [
                    -0.599347,
                    0.768207,
                    -0.225036,
                    -0.0770412987381897
                ],
                [
                    0.121827,
                    -0.190312,
                    -0.974135,
                    -0.5130236082149996
                ],
                [
                    0.0,
                    0.0,
                    0.0,
                    1.0
                ]
            ]
        },
        {
            "file_path": "images/35_color.png",
            "distmap_path": "distmaps/35_color.png",
            "near": 0.27691837522484786,
            "far": 1.9047990450238594,
            "transform_matrix": [
                [
                    -0.791584,
                    -0.610694,
                    0.0211397,
                    -0.01340692162124936
                ],
                [
                    -0.599115,
                    0.768839,
                    -0.223492,
                    -0.07692024689886093
                ],
                [
                    0.120232,
                    -0.189578,
                    -0.974476,
                    -0.5210443361208686
                ],
                [
                    0.0,
                    0.0,
                    0.0,
                    1.0
                ]
            ]
        },
        {
            "file_path": "images/40_color.png",
            "distmap_path": "distmaps/40_color.png",
            "near": 0.27777445765626624,
            "far": 1.9083038952430438,
            "transform_matrix": [
                [
                    -0.791997,
                    -0.610145,
                    0.0215337,
                    -0.012883059351050741
                ],
                [
                    -0.598821,
                    0.769457,
                    -0.222147,
                    -0.07776969687484031
                ],
                [
                    0.118973,
                    -0.188835,
                    -0.974775,
                    -0.5270030085567926
                ],
                [
                    0.0,
                    0.0,
                    0.0,
                    1.0
                ]
            ]
        },
        {
            "file_path": "images/45_color.png",
            "distmap_path": "distmaps/45_color.png",
            "near": 0.27828810711511726,
            "far": 1.9107811725805248,
            "transform_matrix": [
                [
                    -0.792351,
                    -0.609671,
                    0.0219272,
                    -0.012584603954085045
                ],
                [
                    -0.598571,
                    0.769976,
                    -0.221018,
                    -0.0776945612504294
                ],
                [
                    0.117865,
                    -0.188249,
                    -0.975023,
                    -0.53238146700421
                ],
                [
                    0.0,
                    0.0,
                    0.0,
                    1.0
                ]
            ]
        },
        {
            "file_path": "images/55_color.png",
            "distmap_path": "distmaps/55_color.png",
            "near": 0.27834517927721186,
            "far": 1.914339856179045,
            "transform_matrix": [
                [
                    -0.792767,
                    -0.609107,
                    0.0225326,
                    -0.012928975565968587
                ],
                [
                    -0.598303,
                    0.77058,
                    -0.219635,
                    -0.07776760977416217
                ],
                [
                    0.116418,
                    -0.187601,
                    -0.975322,
                    -0.539667535471394
                ],
                [
                    0.0,
                    0.0,
                    0.0,
                    1.0
                ]
            ]
        },
        {
            "file_path": "images/60_color.png",
            "distmap_path": "distmaps/60_color.png",
            "near": 0.2790871352194917,
            "far": 1.9144534792596002,
            "transform_matrix": [
                [
                    -0.792875,
                    -0.608969,
                    0.0225006,
                    -0.012198490328639962
                ],
                [
                    -0.598182,
                    0.770722,
                    -0.219466,
                    -0.07782396149247046
                ],
                [
                    0.116306,
                    -0.187469,
                    -0.975361,
                    -0.5403896723060106
                ],
                [
                    0.0,
                    0.0,
                    0.0,
                    1.0
                ]
            ]
        },
        {
            "file_path": "images/65_color.png",
            "distmap_path": "distmaps/65_color.png",
            "near": 0.27891591873320803,
            "far": 1.9145821131158813,
            "transform_matrix": [
                [
                    -0.792894,
                    -0.608941,
                    0.022576,
                    -0.01234876157746181
                ],
                [
                    -0.59818,
                    0.770748,
                    -0.21938,
                    -0.07766116763958
                ],
                [
                    0.116189,
                    -0.187449,
                    -0.975378,
                    -0.5410491961202845
                ],
                [
                    0.0,
                    0.0,
                    0.0,
                    1.0
                ]
            ]
        },
        {
            "file_path": "images/70_color.png",
            "distmap_path": "distmaps/70_color.png",
            "near": 0.2786305579227353,
            "far": 1.9161223995754697,
            "transform_matrix": [
                [
                    -0.792876,
                    -0.608968,
                    0.0224711,
                    -0.01303333059987274
                ],
                [
                    -0.598239,
                    0.770826,
                    -0.218945,
                    -0.07840417548097724
                ],
                [
                    0.11601,
                    -0.18704,
                    -0.975478,
                    -0.5418819492908392
                ],
                [
                    0.0,
                    0.0,
                    0.0,
                    1.0
                ]
            ]
        },
        {
            "file_path": "images/80_color.png",
            "distmap_path": "distmaps/80_color.png",
            "near": 0.2785164135985461,
            "far": 1.916887745632558,
            "transform_matrix": [
                [
                    -0.79269,
                    -0.609243,
                    0.0215822,
                    -0.013484144346338435
                ],
                [
                    -0.59856,
                    0.7711,
                    -0.217097,
                    -0.07854401122640862
                ],
                [
                    0.115623,
                    -0.185009,
                    -0.975911,
                    -0.5427397476695309
                ],
                [
                    0.0,
                    0.0,
                    0.0,
                    1.0
                ]
            ]
        },
        {
            "file_path": "images/85_color.png",
            "distmap_path": "distmaps/85_color.png",
            "near": 0.27897299089530264,
            "far": 1.9170920654393886,
            "transform_matrix": [
                [
                    -0.792486,
                    -0.609541,
                    0.0206437,
                    -0.013315089191413818
                ],
                [
                    -0.598861,
                    0.7713,
                    -0.215552,
                    -0.07914718332237433
                ],
                [
                    0.115465,
                    -0.183184,
                    -0.976274,
                    -0.5411222446440174
                ],
                [
                    0.0,
                    0.0,
                    0.0,
                    1.0
                ]
            ]
        },
        {
            "file_path": "images/90_color.png",
            "distmap_path": "distmaps/90_color.png",
            "near": 0.28028565062347743,
            "far": 1.9171732655394351,
            "transform_matrix": [
                [
                    -0.79221,
                    -0.609937,
                    0.0194661,
                    -0.01225484204694812
                ],
                [
                    -0.599274,
                    0.771547,
                    -0.213509,
                    -0.07943102901459356
                ],
                [
                    0.115208,
                    -0.18081,
                    -0.976747,
                    -0.5415167066721747
                ],
                [
                    0.0,
                    0.0,
                    0.0,
                    1.0
                ]
            ]
        },
        {
            "file_path": "images/95_color.png",
            "distmap_path": "distmaps/95_color.png",
            "near": 0.28017150629928833,
            "far": 1.9196432615726609,
            "transform_matrix": [
                [
                    -0.792045,
                    -0.610182,
                    0.0185248,
                    -0.013348482802263051
                ],
                [
                    -0.599606,
                    0.771902,
                    -0.211282,
                    -0.08073337983771665
                ],
                [
                    0.114621,
                    -0.178452,
                    -0.97725,
                    -0.5416064520013322
                ],
                [
                    0.0,
                    0.0,
                    0.0,
                    1.0
                ]
            ]
        },
        {
            "file_path": "images/105_color.png",
            "distmap_path": "distmaps/105_color.png",
            "near": 0.281541273859659,
            "far": 1.9215398147463583,
            "transform_matrix": [
                [
                    -0.791462,
                    -0.611019,
                    0.0156075,
                    -0.013152295338523358
                ],
                [
                    -0.600524,
                    0.772605,
                    -0.206042,
                    -0.08223191812457958
                ],
                [
                    0.113837,
                    -0.172447,
                    -0.978419,
                    -0.5414603549538666
                ],
                [
                    0.0,
                    0.0,
                    0.0,
                    1.0
                ]
            ]
        },
        {
            "file_path": "images/110_color.png",
            "distmap_path": "distmaps/110_color.png",
            "near": 0.28228322980193893,
            "far": 1.9226210615111081,
            "transform_matrix": [
                [
                    -0.791123,
                    -0.611501,
                    0.0138165,
                    -0.013062550009365818
                ],
                [
                    -0.601071,
                    0.773049,
                    -0.202753,
                    -0.08266812216629867
                ],
                [
                    0.113303,
                    -0.168707,
                    -0.979132,
                    -0.5423598953461198
                ],
                [
                    0.0,
                    0.0,
                    0.0,
                    1.0
                ]
            ]
        },
        {
            "file_path": "images/115_color.png",
            "distmap_path": "distmaps/115_color.png",
            "near": 0.28360154671129467,
            "far": 1.9254029213407409,
            "transform_matrix": [
                [
                    -0.790673,
                    -0.612125,
                    0.0118003,
                    -0.013118901727674123
                ],
                [
                    -0.601799,
                    0.773501,
                    -0.198833,
                    -0.08467173881725745
                ],
                [
                    0.112583,
                    -0.164313,
                    -0.979962,
                    -0.5425936506220651
                ],
                [
                    0.0,
                    0.0,
                    0.0,
                    1.0
                ]
            ]
        },
        {
            "file_path": "images/120_color.png",
            "distmap_path": "distmaps/120_color.png",
            "near": 0.2858785392591175,
            "far": 1.928044231215818,
            "transform_matrix": [
                [
                    -0.790331,
                    -0.612604,
                    0.00957367,
                    -0.012267364651016582
                ],
                [
                    -0.602367,
                    0.774079,
                    -0.194823,
                    -0.08667744256889423
                ],
                [
                    0.111939,
                    -0.159742,
                    -0.980791,
                    -0.5425811280179965
                ],
                [
                    0.0,
                    0.0,
                    0.0,
                    1.0
                ]
            ]
        },
        {
            "file_path": "images/130_color.png",
            "distmap_path": "distmaps/130_color.png",
            "near": 0.2874763776392839,
            "far": 1.9324436928082454,
            "transform_matrix": [
                [
                    -0.789311,
                    -0.613974,
                    0.0048916,
                    -0.013538408963968589
                ],
                [
                    -0.604036,
                    0.775057,
                    -0.185545,
                    -0.08929675391988703
                ],
                [
                    0.110129,
                    -0.149408,
                    -0.982623,
                    -0.543814604518743
                ],
                [
                    0.0,
                    0.0,
                    0.0,
                    1.0
                ]
            ]
        },
        {
            "file_path": "images/135_color.png",
            "distmap_path": "distmaps/135_color.png",
            "near": 0.2899443691036905,
            "far": 1.9357193150236,
            "transform_matrix": [
                [
                    -0.788787,
                    -0.614663,
                    0.00186512,
                    -0.013018720895126125
                ],
                [
                    -0.60486,
                    0.775659,
                    -0.180268,
                    -0.09155708395424982
                ],
                [
                    0.109357,
                    -0.143321,
                    -0.983616,
                    -0.5445388284540374
                ],
                [
                    0.0,
                    0.0,
                    0.0,
                    1.0
                ]
            ]
        },
        {
            "file_path": "images/140_color.png",
            "distmap_path": "distmaps/140_color.png",
            "near": 0.2918357910780146,
            "far": 1.939319662071742,
            "transform_matrix": [
                [
                    -0.788298,
                    -0.615293,
                    -0.0008481,
                    -0.01313351143242059
                ],
                [
                    -0.605694,
                    0.776241,
                    -0.174885,
                    -0.09360035551809215
                ],
                [
                    0.108264,
                    -0.137348,
                    -0.984588,
                    -0.5462272929026057
                ],
                [
                    0.0,
                    0.0,
                    0.0,
                    1.0
                ]
            ]
        },
        {
            "file_path": "images/145_color.png",
            "distmap_path": "distmaps/145_color.png",
            "near": 0.2933717489344606,
            "far": 1.9424272611936526,
            "transform_matrix": [
                [
                    -0.787803,
                    -0.615915,
                    -0.00378914,
                    -0.013836864360934285
                ],
                [
                    -0.606544,
                    0.776857,
                    -0.16911,
                    -0.09568119489413986
                ],
                [
                    0.107101,
                    -0.130927,
                    -0.98559,
                    -0.5470809170799414
                ],
                [
                    0.0,
                    0.0,
                    0.0,
                    1.0
                ]
            ]
        },
        {
            "file_path": "images/155_color.png",
            "distmap_path": "distmaps/155_color.png",
            "near": 0.29770319203667034,
            "far": 1.9495960119557774,
            "transform_matrix": [
                [
                    -0.786601,
                    -0.617371,
                    -0.0105767,
                    -0.014287678107399981
                ],
                [
                    -0.608558,
                    0.778042,
                    -0.155911,
                    -0.09972390890758466
                ],
                [
                    0.104484,
                    -0.116203,
                    -0.987714,
                    -0.5505788978164067
                ],
                [
                    0.0,
                    0.0,
                    0.0,
                    1.0
                ]
            ]
        },
        {
            "file_path": "images/160_color.png",
            "distmap_path": "distmaps/160_color.png",
            "near": 0.3008117449999824,
            "far": 1.9508100912900324,
            "transform_matrix": [
                [
                    -0.786166,
                    -0.617852,
                    -0.0141664,
                    -0.01262008466561243
                ],
                [
                    -0.609267,
                    0.778678,
                    -0.149843,
                    -0.10089685948866682
                ],
                [
                    0.103612,
                    -0.109171,
                    -0.988608,
                    -0.5503806232519889
                ],
                [
                    0.0,
                    0.0,
                    0.0,
                    1.0
                ]
            ]
        },
        {
            "file_path": "images/165_color.png",
            "distmap_path": "distmaps/165_color.png",
            "near": 0.30217556530842865,
            "far": 1.9562127837887713,
            "transform_matrix": [
                [
                    -0.785649,
                    -0.618427,
                    -0.0174227,
                    -0.014807366176242447
                ],
                [
                    -0.61021,
                    0.779236,
                    -0.142951,
                    -0.10398576849222808
                ],
                [
                    0.101981,
                    -0.101678,
                    -0.989576,
                    -0.5520836974053039
                ],
                [
                    0.0,
                    0.0,
                    0.0,
                    1.0
                ]
            ]
        },
        {
            "file_path": "images/170_color.png",
            "distmap_path": "distmaps/170_color.png",
            "near": 0.3062132570406201,
            "far": 1.9599088506744207,
            "transform_matrix": [
                [
                    -0.785071,
                    -0.619051,
                    -0.0209533,
                    -0.01346744754091382
                ],
                [
                    -0.611145,
                    0.779664,
                    -0.136474,
                    -0.1065800346350841
                ],
                [
                    0.100821,
                    -0.0943364,
                    -0.990422,
                    -0.5541394915732147
                ],
                [
                    0.0,
                    0.0,
                    0.0,
                    1.0
                ]
            ]
        },
        {
            "file_path": "images/180_color.png",
            "distmap_path": "distmaps/180_color.png",
            "near": 0.308347907506889,
            "far": 1.9655681638449751,
            "transform_matrix": [
                [
                    -0.784321,
                    -0.619788,
                    -0.0265002,
                    -0.014085229341625982
                ],
                [
                    -0.612423,
                    0.780396,
                    -0.126174,
                    -0.11017819620409736
                ],
                [
                    0.0988819,
                    -0.0827316,
                    -0.991654,
                    -0.5561159759153581
                ],
                [
                    0.0,
                    0.0,
                    0.0,
                    1.0
                ]
            ]
        },
        {
            "file_path": "images/185_color.png",
            "distmap_path": "distmaps/185_color.png",
            "near": 0.3065839598552053,
            "far": 1.9685267921945635,
            "transform_matrix": [
                [
                    -0.783946,
                    -0.620135,
                    -0.0293326,
                    -0.013304653688023358
                ],
                [
                    -0.613073,
                    0.780733,
                    -0.120816,
                    -0.11232790990252184
                ],
                [
                    0.0978233,
                    -0.0767303,
                    -0.992241,
                    -0.557380758926276
                ],
                [
                    0.0,
                    0.0,
                    0.0,
                    1.0
                ]
            ]
        },
        {
            "file_path": "images/190_color.png",
            "distmap_path": "distmaps/190_color.png",
            "near": 0.30612875673547885,
            "far": 1.9706277098337281,
            "transform_matrix": [
                [
                    -0.783698,
                    -0.620338,
                    -0.031594,
                    -0.013392311916502746
                ],
                [
                    -0.613538,
                    0.781036,
                    -0.116419,
                    -0.11317944697917924
                ],
                [
                    0.096895,
                    -0.071853,
                    -0.992697,
                    -0.5589293876294129
                ],
                [
                    0.0,
                    0.0,
                    0.0,
                    1.0
                ]
            ]
        },
        {
            "file_path": "images/195_color.png",
            "distmap_path": "distmaps/195_color.png",
            "near": 0.30578735439568394,
            "far": 1.9729848653199873,
            "transform_matrix": [
                [
                    -0.783318,
                    -0.620695,
                    -0.033908,
                    -0.013732509327030133
                ],
                [
                    -0.614165,
                    0.781194,
                    -0.111967,
                    -0.11460493674230925
                ],
                [
                    0.0959862,
                    -0.0668809,
                    -0.993133,
                    -0.5600188541833717
                ],
                [
                    0.0,
                    0.0,
                    0.0,
                    1.0
                ]
            ]
        },
        {
            "file_path": "images/205_color.png",
            "distmap_path": "distmaps/205_color.png",
            "near": 0.30519829239189145,
            "far": 1.977322256359594,
            "transform_matrix": [
                [
                    -0.782992,
                    -0.620907,
                    -0.0373923,
                    -0.013886954777208284
                ],
                [
                    -0.614802,
                    0.781631,
                    -0.105219,
                    -0.11656263717835019
                ],
                [
                    0.0945581,
                    -0.059397,
                    -0.993746,
                    -0.5633498668655905
                ],
                [
                    0.0,
                    0.0,
                    0.0,
                    1.0
                ]
            ]
        },
        {
            "file_path": "images/210_color.png",
            "distmap_path": "distmaps/210_color.png",
            "near": 0.3044588760649598,
            "far": 1.9789630645088019,
            "transform_matrix": [
                [
                    -0.782732,
                    -0.621125,
                    -0.0391681,
                    -0.0135989348836329
                ],
                [
                    -0.615229,
                    0.78173,
                    -0.101937,
                    -0.11784620409537065
                ],
                [
                    0.0939345,
                    -0.0556922,
                    -0.994019,
                    -0.5638820775385013
                ],
                [
                    0.0,
                    0.0,
                    0.0,
                    1.0
                ]
            ]
        },
        {
            "file_path": "images/215_color.png",
            "distmap_path": "distmaps/215_color.png",
            "near": 0.30447544353193096,
            "far": 1.9809701242959024,
            "transform_matrix": [
                [
                    -0.782635,
                    -0.621153,
                    -0.0406359,
                    -0.014016355019249362
                ],
                [
                    -0.615444,
                    0.781925,
                    -0.0991005,
                    -0.11911516130764452
                ],
                [
                    0.0933307,
                    -0.0525504,
                    -0.994247,
                    -0.5640657423981726
                ],
                [
                    0.0,
                    0.0,
                    0.0,
                    1.0
                ]
            ]
        },
        {
            "file_path": "images/220_color.png",
            "distmap_path": "distmaps/220_color.png",
            "near": 0.30400387250817273,
            "far": 1.9818584929692933,
            "transform_matrix": [
                [
                    -0.782475,
                    -0.621275,
                    -0.0418455,
                    -0.013795122347372594
                ],
                [
                    -0.615709,
                    0.781992,
                    -0.0969069,
                    -0.11982686263887037
                ],
                [
                    0.0929286,
                    -0.0500626,
                    -0.994413,
                    -0.564915192374152
                ],
                [
                    0.0,
                    0.0,
                    0.0,
                    1.0
                ]
            ]
        },
        {
            "file_path": "images/230_color.png",
            "distmap_path": "distmaps/230_color.png",
            "near": 0.3035086889575504,
            "far": 1.98505277902328,
            "transform_matrix": [
                [
                    -0.782259,
                    -0.621408,
                    -0.0438419,
                    -0.013699115716180899
                ],
                [
                    -0.6161,
                    0.782146,
                    -0.0931061,
                    -0.12124817820064422
                ],
                [
                    0.0921476,
                    -0.0458221,
                    -0.99469,
                    -0.5667560151722204
                ],
                [
                    0.0,
                    0.0,
                    0.0,
                    1.0
                ]
            ]
        },
        {
            "file_path": "images/235_color.png",
            "distmap_path": "distmaps/235_color.png",
            "near": 0.30285551027696783,
            "far": 1.9855209325416867,
            "transform_matrix": [
                [
                    -0.782221,
                    -0.621408,
                    -0.0445117,
                    -0.013152295338523358
                ],
                [
                    -0.616184,
                    0.782225,
                    -0.0918733,
                    -0.12159463691320592
                ],
                [
                    0.091909,
                    -0.0444379,
                    -0.994775,
                    -0.56725691933496
                ],
                [
                    0.0,
                    0.0,
                    0.0,
                    1.0
                ]
            ]
        },
        {
            "file_path": "images/240_color.png",
            "distmap_path": "distmaps/240_color.png",
            "near": 0.303310756604311,
            "far": 1.9859556731326615,
            "transform_matrix": [
                [
                    -0.782156,
                    -0.621462,
                    -0.0449034,
                    -0.013688680212790438
                ],
                [
                    -0.6163,
                    0.782235,
                    -0.0910099,
                    -0.12165307573219208
                ],
                [
                    0.0916841,
                    -0.0435099,
                    -0.994837,
                    -0.5675115456176859
                ],
                [
                    0.0,
                    0.0,
                    0.0,
                    1.0
                ]
            ]
        },
        {
            "file_path": "images/245_color.png",
            "distmap_path": "distmaps/245_color.png",
            "near": 0.30286057036241215,
            "far": 1.985032702431493,
            "transform_matrix": [
                [
                    -0.782143,
                    -0.621455,
                    -0.0452133,
                    -0.013281695580564436
                ],
                [
                    -0.616322,
                    0.782271,
                    -0.0905462,
                    -0.12135462033522638
                ],
                [
                    0.0916395,
                    -0.0429542,
                    -0.994865,
                    -0.5671734353078367
                ],
                [
                    0.0,
                    0.0,
                    0.0,
                    1.0
                ]
            ]
        }
    ]
}