{
    "camera_model": "FISHEYE_OPENCV",
    "fx": 767.3861511125845,
    "fy": 767.5058656118406,
    "cx": 679.054265997005,
    "cy": 543.646891684636,
    "k1": -0.18867185058223412,
    "k2": -0.003927337093919806,
    "k3": 0.030524814153620117,
    "k4": -0.012756926010904904,
    "p1": 0,
    "p2": 0,
    "w": 1350,
    "h": 1080,
    "camera_angle_x": 1.4428692492187012,
    "camera_angle_y": 1.2262461230200543,
    "scene_scale": 0.018170741669516526,
    "dist_ftype": "png",
    "distmap": "dense",
    "rgb_mask": "rgb_mask.png",
    "scene_T": [
        [
            1.0,
            0.0,
            0.0,
            -52.279898845840926
        ],
        [
            0.0,
            1.0,
            0.0,
            -51.283339111112305
        ],
        [
            0.0,
            0.0,
            1.0,
            35.6868895140879
        ],
        [
            0.0,
            0.0,
            0.0,
            1.0
        ]
    ],
    "distmap_scale": 3.141592653589793,
    "frames": [
        {
            "file_path": "images/0_color.png",
            "distmap_path": "distmaps/0_color.png",
            "near": 0.3396549822799251,
            "far": 1.5306599203561466,
            "transform_matrix": [
                [
                    0.743055,
                    -0.665781,
                    -0.0678519,
                    0.09356298690243398
                ],
                [
                    -0.648044,
                    -0.690515,
                    -0.321292,
                    0.17388601880268723
                ],
                [
                    0.167057,
                    0.282708,
                    -0.944546,
                    -0.822440665834123
                ],
                [
                    0.0,
                    0.0,
                    0.0,
                    1.0
                ]
            ]
        },
        {
            "file_path": "images/5_color.png",
            "distmap_path": "distmaps/5_color.png",
            "near": 0.34516600895018706,
            "far": 1.5145192610446019,
            "transform_matrix": [
                [
                    0.738511,
                    -0.670985,
                    -0.0661867,
                    0.09767320866807859
                ],
                [
                    -0.654665,
                    -0.690123,
                    -0.308456,
                    0.17015738261210248
                ],
                [
                    0.161292,
                    0.271128,
                    -0.948933,
                    -0.8070246086017052
                ],
                [
                    0.0,
                    0.0,
                    0.0,
                    1.0
                ]
            ]
        },
        {
            "file_path": "images/10_color.png",
            "distmap_path": "distmaps/10_color.png",
            "near": 0.33772824676272917,
            "far": 1.4997363254956304,
            "transform_matrix": [
                [
                    0.73373,
                    -0.676406,
                    -0.0641449,
                    0.10015351490596755
                ],
                [
                    -0.661402,
                    -0.68945,
                    -0.295306,
                    0.1666613319148875
                ],
                [
                    0.155522,
                    0.259101,
                    -0.953247,
                    -0.7931894058945352
                ],
                [
                    0.0,
                    0.0,
                    0.0,
                    1.0
                ]
            ]
        },
        {
            "file_path": "images/15_color.png",
            "distmap_path": "distmaps/15_color.png",
            "near": 0.33059909844625807,
            "far": 1.4861174835511155,
            "transform_matrix": [
                [
                    0.729743,
                    -0.680893,
                    -0.0621317,
                    0.10251207717467085
                ],
                [
                    -0.666957,
                    -0.688903,
                    -0.283869,
                    0.16221313435418988
                ],
                [
                    0.150482,
                    0.24859,
                    -0.956848,
                    -0.7807933259275911
                ],
                [
                    0.0,
                    0.0,
                    0.0,
                    1.0
                ]
            ]
        },
        {
            "file_path": "images/20_color.png",
            "distmap_path": "distmaps/20_color.png",
            "near": 0.3196578406998495,
            "far": 1.4667659563423228,
            "transform_matrix": [
                [
                    0.724332,
                    -0.686871,
                    -0.0595917,
                    0.10674404290950126
                ],
                [
                    -0.674425,
                    -0.687947,
                    -0.268104,
                    0.15529735007477188
                ],
                [
                    0.143157,
                    0.234387,
                    -0.961545,
                    -0.7631240967281532
                ],
                [
                    0.0,
                    0.0,
                    0.0,
                    1.0
                ]
            ]
        },
        {
            "file_path": "images/30_color.png",
            "distmap_path": "distmaps/30_color.png",
            "near": 0.2992101916529029,
            "far": 1.4291484553948288,
            "transform_matrix": [
                [
                    0.713393,
                    -0.698695,
                    -0.0538045,
                    0.11206625314450258
                ],
                [
                    -0.688902,
                    -0.68518,
                    -0.236522,
                    0.14115869598172104
                ],
                [
                    0.128391,
                    0.205799,
                    -0.970135,
                    -0.7295591027162225
                ],
                [
                    0.0,
                    0.0,
                    0.0,
                    1.0
                ]
            ]
        },
        {
            "file_path": "images/35_color.png",
            "distmap_path": "distmaps/35_color.png",
            "near": 0.29117481070266776,
            "far": 1.4144666550357459,
            "transform_matrix": [
                [
                    0.708619,
                    -0.703781,
                    -0.0505071,
                    0.11262227783958978
                ],
                [
                    -0.694928,
                    -0.683723,
                    -0.222707,
                    0.1339267407972534
                ],
                [
                    0.122204,
                    0.192913,
                    -0.973576,
                    -0.7173356447951386
                ],
                [
                    0.0,
                    0.0,
                    0.0,
                    1.0
                ]
            ]
        },
        {
            "file_path": "images/40_color.png",
            "distmap_path": "distmaps/40_color.png",
            "near": 0.281017881130356,
            "far": 1.395356820292232,
            "transform_matrix": [
                [
                    0.703691,
                    -0.708912,
                    -0.0475586,
                    0.11369435159809134
                ],
                [
                    -0.701169,
                    -0.682071,
                    -0.207706,
                    0.12439982093992595
                ],
                [
                    0.114807,
                    0.179507,
                    -0.977035,
                    -0.7013181360134597
                ],
                [
                    0.0,
                    0.0,
                    0.0,
                    1.0
                ]
            ]
        },
        {
            "file_path": "images/45_color.png",
            "distmap_path": "distmaps/45_color.png",
            "near": 0.2719143976579605,
            "far": 1.3787896736910181,
            "transform_matrix": [
                [
                    0.699385,
                    -0.713328,
                    -0.0449849,
                    0.11580215763175525
                ],
                [
                    -0.706495,
                    -0.680405,
                    -0.194716,
                    0.11643921901451078
                ],
                [
                    0.108289,
                    0.167963,
                    -0.979827,
                    -0.6870068598745486
                ],
                [
                    0.0,
                    0.0,
                    0.0,
                    1.0
                ]
            ]
        },
        {
            "file_path": "images/55_color.png",
            "distmap_path": "distmaps/55_color.png",
            "near": 0.2610887002613461,
            "far": 1.3526726326455838,
            "transform_matrix": [
                [
                    0.691613,
                    -0.721188,
                    -0.039491,
                    0.11709954858695867
                ],
                [
                    -0.715742,
                    -0.677004,
                    -0.171401,
                    0.10169366214969808
                ],
                [
                    0.0968771,
                    0.146809,
                    -0.98441,
                    -0.6655690188528529
                ],
                [
                    0.0,
                    0.0,
                    0.0,
                    1.0
                ]
            ]
        },
        {
            "file_path": "images/60_color.png",
            "distmap_path": "distmaps/60_color.png",
            "near": 0.2593796105139575,
            "far": 1.341195498158066,
            "transform_matrix": [
                [
                    0.688504,
                    -0.724281,
                    -0.0371394,
                    0.1161910115034829
                ],
                [
                    -0.719371,
                    -0.675545,
                    -0.161694,
                    0.094290901993537
                ],
                [
                    0.0920223,
                    0.138044,
                    -0.986142,
                    -0.656774379884807
                ],
                [
                    0.0,
                    0.0,
                    0.0,
                    1.0
                ]
            ]
        },
        {
            "file_path": "images/65_color.png",
            "distmap_path": "distmaps/65_color.png",
            "near": 0.2583187828497271,
            "far": 1.32921451706713,
            "transform_matrix": [
                [
                    0.685314,
                    -0.727416,
                    -0.0347997,
                    0.11648356044436202
                ],
                [
                    -0.72304,
                    -0.673932,
                    -0.151751,
                    0.08681909301903191
                ],
                [
                    0.0869332,
                    0.129158,
                    -0.987806,
                    -0.6471602404674659
                ],
                [
                    0.0,
                    0.0,
                    0.0,
                    1.0
                ]
            ]
        },
        {
            "file_path": "images/70_color.png",
            "distmap_path": "distmaps/70_color.png",
            "near": 0.2584154267943289,
            "far": 1.319442359680406,
            "transform_matrix": [
                [
                    0.682365,
                    -0.730287,
                    -0.0325431,
                    0.11701414610111195
                ],
                [
                    -0.726354,
                    -0.672328,
                    -0.14278,
                    0.0805847115522208
                ],
                [
                    0.0823904,
                    0.121066,
                    -0.989219,
                    -0.6392232605062209
                ],
                [
                    0.0,
                    0.0,
                    0.0,
                    1.0
                ]
            ]
        },
        {
            "file_path": "images/80_color.png",
            "distmap_path": "distmaps/80_color.png",
            "near": 0.2649790886767748,
            "far": 1.3133082290021896,
            "transform_matrix": [
                [
                    0.67806,
                    -0.734436,
                    -0.028959,
                    0.11587120645009939
                ],
                [
                    -0.731107,
                    -0.669887,
                    -0.12936,
                    0.07017651072392171
                ],
                [
                    0.0756073,
                    0.108886,
                    -0.991175,
                    -0.6283171813561771
                ],
                [
                    0.0,
                    0.0,
                    0.0,
                    1.0
                ]
            ]
        },
        {
            "file_path": "images/85_color.png",
            "distmap_path": "distmaps/85_color.png",
            "near": 0.26956487750024694,
            "far": 1.3108170001037225,
            "transform_matrix": [
                [
                    0.676156,
                    -0.736251,
                    -0.0273502,
                    0.11582214544759174
                ],
                [
                    -0.733179,
                    -0.668751,
                    -0.123373,
                    0.06535399588483204
                ],
                [
                    0.0725427,
                    0.103472,
                    -0.991983,
                    -0.6234674104045833
                ],
                [
                    0.0,
                    0.0,
                    0.0,
                    1.0
                ]
            ]
        },
        {
            "file_path": "images/90_color.png",
            "distmap_path": "distmaps/90_color.png",
            "near": 0.2766443252524543,
            "far": 1.3081628803621983,
            "transform_matrix": [
                [
                    0.674555,
                    -0.737766,
                    -0.026031,
                    0.11500082792412958
                ],
                [
                    -0.734904,
                    -0.667761,
                    -0.118372,
                    0.06149998157672759
                ],
                [
                    0.0699481,
                    0.0989785,
                    -0.992628,
                    -0.6190210299180524
                ],
                [
                    0.0,
                    0.0,
                    0.0,
                    1.0
                ]
            ]
        },
        {
            "file_path": "images/95_color.png",
            "distmap_path": "distmaps/95_color.png",
            "near": 0.28171123785679714,
            "far": 1.3064076611670792,
            "transform_matrix": [
                [
                    0.673441,
                    -0.738814,
                    -0.0251157,
                    0.11500446207246347
                ],
                [
                    -0.736098,
                    -0.667061,
                    -0.11485,
                    0.058619919022109154
                ],
                [
                    0.0680992,
                    0.0958324,
                    -0.993065,
                    -0.6157993574200471
                ],
                [
                    0.0,
                    0.0,
                    0.0,
                    1.0
                ]
            ]
        },
        {
            "file_path": "images/105_color.png",
            "distmap_path": "distmaps/105_color.png",
            "near": 0.2880458848759825,
            "far": 1.3052683209415903,
            "transform_matrix": [
                [
                    0.672062,
                    -0.740112,
                    -0.0238104,
                    0.11434304707569305
                ],
                [
                    -0.737557,
                    -0.666187,
                    -0.110471,
                    0.05490945357319388
                ],
                [
                    0.0658984,
                    0.0918045,
                    -0.993594,
                    -0.6128847704562568
                ],
                [
                    0.0,
                    0.0,
                    0.0,
                    1.0
                ]
            ]
        },
        {
            "file_path": "images/110_color.png",
            "distmap_path": "distmaps/110_color.png",
            "near": 0.2885923899814588,
            "far": 1.3050112493483446,
            "transform_matrix": [
                [
                    0.671791,
                    -0.740365,
                    -0.0235905,
                    0.11448114471238131
                ],
                [
                    -0.737838,
                    -0.666001,
                    -0.109718,
                    0.05458419729730958
                ],
                [
                    0.0655201,
                    0.0911135,
                    -0.993683,
                    -0.6124359531370197
                ],
                [
                    0.0,
                    0.0,
                    0.0,
                    1.0
                ]
            ]
        },
        {
            "file_path": "images/115_color.png",
            "distmap_path": "distmaps/115_color.png",
            "near": 0.2895859791738479,
            "far": 1.3049783573168472,
            "transform_matrix": [
                [
                    0.671716,
                    -0.740435,
                    -0.023532,
                    0.11421040066150558
                ],
                [
                    -0.737926,
                    -0.665964,
                    -0.109353,
                    0.05392278230053917
                ],
                [
                    0.0652972,
                    0.0908188,
                    -0.993724,
                    -0.612125233454471
                ],
                [
                    0.0,
                    0.0,
                    0.0,
                    1.0
                ]
            ]
        },
        {
            "file_path": "images/120_color.png",
            "distmap_path": "distmaps/120_color.png",
            "near": 0.29211969371376467,
            "far": 1.304723592424747,
            "transform_matrix": [
                [
                    0.671346,
                    -0.740784,
                    -0.0230967,
                    0.113518095403897
                ],
                [
                    -0.738311,
                    -0.665733,
                    -0.10815,
                    0.052808915836197755
                ],
                [
                    0.0647399,
                    0.0896589,
                    -0.993866,
                    -0.6114020379360243
                ],
                [
                    0.0,
                    0.0,
                    0.0,
                    1.0
                ]
            ]
        },
        {
            "file_path": "images/130_color.png",
            "distmap_path": "distmaps/130_color.png",
            "near": 0.29847875769404175,
            "far": 1.3050405554373397,
            "transform_matrix": [
                [
                    0.669892,
                    -0.742148,
                    -0.0214694,
                    0.11188999695030837
                ],
                [
                    -0.739831,
                    -0.664812,
                    -0.103325,
                    0.04800093759044365
                ],
                [
                    0.0624095,
                    0.0851005,
                    -0.994416,
                    -0.6094977442090588
                ],
                [
                    0.0,
                    0.0,
                    0.0,
                    1.0
                ]
            ]
        },
        {
            "file_path": "images/135_color.png",
            "distmap_path": "distmaps/135_color.png",
            "near": 0.30312416598566133,
            "far": 1.3056815868135965,
            "transform_matrix": [
                [
                    0.668684,
                    -0.743276,
                    -0.0200489,
                    0.11041634980091046
                ],
                [
                    -0.741083,
                    -0.664033,
                    -0.099274,
                    0.043830752377289714
                ],
                [
                    0.0604748,
                    0.0812409,
                    -0.994858,
                    -0.6082603167013649
                ],
                [
                    0.0,
                    0.0,
                    0.0,
                    1.0
                ]
            ]
        },
        {
            "file_path": "images/140_color.png",
            "distmap_path": "distmaps/140_color.png",
            "near": 0.3082159562205098,
            "far": 1.3057060441997448,
            "transform_matrix": [
                [
                    0.667427,
                    -0.744442,
                    -0.0186302,
                    0.10908988565903574
                ],
                [
                    -0.74238,
                    -0.663198,
                    -0.0950824,
                    0.03963331105163136
                ],
                [
                    0.0584278,
                    0.0772912,
                    -0.995295,
                    -0.60629605952689
                ],
                [
                    0.0,
                    0.0,
                    0.0,
                    1.0
                ]
            ]
        },
        {
            "file_path": "images/145_color.png",
            "distmap_path": "distmaps/145_color.png",
            "near": 0.31335578529362734,
            "far": 1.3063789153751595,
            "transform_matrix": [
                [
                    0.665633,
                    -0.746094,
                    -0.0165901,
                    0.10773434833048987
                ],
                [
                    -0.744196,
                    -0.661951,
                    -0.0894071,
                    0.034701771762524584
                ],
                [
                    0.0557243,
                    0.0718587,
                    -0.995857,
                    -0.6046025464032911
                ],
                [
                    0.0,
                    0.0,
                    0.0,
                    1.0
                ]
            ]
        },
        {
            "file_path": "images/155_color.png",
            "distmap_path": "distmaps/155_color.png",
            "near": 0.3314625280289829,
            "far": 1.3077278759219804,
            "transform_matrix": [
                [
                    0.661208,
                    -0.750118,
                    -0.0112711,
                    0.10187246706790382
                ],
                [
                    -0.748641,
                    -0.658788,
                    -0.0744063,
                    0.01905858025923779
                ],
                [
                    0.0483882,
                    0.057636,
                    -0.997164,
                    -0.5983936039748173
                ],
                [
                    0.0,
                    0.0,
                    0.0,
                    1.0
                ]
            ]
        },
        {
            "file_path": "images/160_color.png",
            "distmap_path": "distmaps/160_color.png",
            "near": 0.33748984144120286,
            "far": 1.309120369312604,
            "transform_matrix": [
                [
                    0.658921,
                    -0.752164,
                    -0.00848652,
                    0.09923225830332308
                ],
                [
                    -0.750889,
                    -0.65705,
                    -0.0667198,
                    0.011225173525509202
                ],
                [
                    0.0446082,
                    0.0503355,
                    -0.997736,
                    -0.5958860416244239
                ],
                [
                    0.0,
                    0.0,
                    0.0,
                    1.0
                ]
            ]
        },
        {
            "file_path": "images/165_color.png",
            "distmap_path": "distmaps/165_color.png",
            "near": 0.34085824783853597,
            "far": 1.3109753664193222,
            "transform_matrix": [
                [
                    0.655926,
                    -0.75481,
                    -0.00485086,
                    0.09621409811201638
                ],
                [
                    -0.753798,
                    -0.654684,
                    -0.0563797,
                    6.28869179251986e-05
                ],
                [
                    0.0393802,
                    0.0406375,
                    -0.998398,
                    -0.5919920516846466
                ],
                [
                    0.0,
                    0.0,
                    0.0,
                    1.0
                ]
            ]
        },
        {
            "file_path": "images/170_color.png",
            "distmap_path": "distmaps/170_color.png",
            "near": 0.34233728272389097,
            "far": 1.3142066139369475,
            "transform_matrix": [
                [
                    0.653161,
                    -0.757219,
                    -0.0011581,
                    0.09139158327292671
                ],
                [
                    -0.756426,
                    -0.652405,
                    -0.0467741,
                    -0.010452521286223974
                ],
                [
                    0.0346627,
                    0.031427,
                    -0.998905,
                    -0.5899187700601547
                ],
                [
                    0.0,
                    0.0,
                    0.0,
                    1.0
                ]
            ]
        },
        {
            "file_path": "images/180_color.png",
            "distmap_path": "distmaps/180_color.png",
            "near": 0.3456783006235502,
            "far": 1.3218740160253568,
            "transform_matrix": [
                [
                    0.646427,
                    -0.762934,
                    0.00796469,
                    0.08006575999031705
                ],
                [
                    -0.762641,
                    -0.646418,
                    -0.0228596,
                    -0.03763413374965373
                ],
                [
                    0.0225889,
                    0.00870285,
                    -0.999707,
                    -0.583213766384103
                ],
                [
                    0.0,
                    0.0,
                    0.0,
                    1.0
                ]
            ]
        },
        {
            "file_path": "images/185_color.png",
            "distmap_path": "distmaps/185_color.png",
            "near": 0.34881739878603746,
            "far": 1.3276564868565457,
            "transform_matrix": [
                [
                    0.642917,
                    -0.765826,
                    0.0129931,
                    0.07367874429348197
                ],
                [
                    -0.765766,
                    -0.643039,
                    -0.0101797,
                    -0.05242875161697407
                ],
                [
                    0.016151,
                    -0.00340495,
                    -0.999864,
                    -0.5809605944170831
                ],
                [
                    0.0,
                    0.0,
                    0.0,
                    1.0
                ]
            ]
        },
        {
            "file_path": "images/190_color.png",
            "distmap_path": "distmaps/190_color.png",
            "near": 0.34593041612276854,
            "far": 1.3339305394017338,
            "transform_matrix": [
                [
                    0.638766,
                    -0.769169,
                    0.0188816,
                    0.06602522790228162
                ],
                [
                    -0.769359,
                    -0.638794,
                    0.00529082,
                    -0.07140627421661719
                ],
                [
                    0.0079919,
                    -0.0179063,
                    -0.999808,
                    -0.5764324455930395
                ],
                [
                    0.0,
                    0.0,
                    0.0,
                    1.0
                ]
            ]
        },
        {
            "file_path": "images/195_color.png",
            "distmap_path": "distmaps/195_color.png",
            "near": 0.33221437038413243,
            "far": 1.3428175927726331,
            "transform_matrix": [
                [
                    0.634566,
                    -0.772458,
                    0.0252059,
                    0.058998602098679624
                ],
                [
                    -0.772869,
                    -0.634215,
                    0.0211197,
                    -0.09117058993055029
                ],
                [
                    -0.000328105,
                    -0.0328827,
                    -0.999459,
                    -0.5737686148642885
                ],
                [
                    0.0,
                    0.0,
                    0.0,
                    1.0
                ]
            ]
        },
        {
            "file_path": "images/205_color.png",
            "distmap_path": "distmaps/205_color.png",
            "near": 0.31472620614941615,
            "far": 1.3629711218285705,
            "transform_matrix": [
                [
                    0.627666,
                    -0.777629,
                    0.0364631,
                    0.04178182436681275
                ],
                [
                    -0.778349,
                    -0.626002,
                    0.0478949,
                    -0.1256622917676266
                ],
                [
                    -0.0144184,
                    -0.0584431,
                    -0.998187,
                    -0.5713936989280827
                ],
                [
                    0.0,
                    0.0,
                    0.0,
                    1.0
                ]
            ]
        },
        {
            "file_path": "images/210_color.png",
            "distmap_path": "distmaps/210_color.png",
            "near": 0.30650563876021253,
            "far": 1.3748049026119,
            "transform_matrix": [
                [
                    0.624248,
                    -0.780082,
                    0.0422634,
                    0.03395750300391884
                ],
                [
                    -0.780924,
                    -0.621588,
                    0.0615373,
                    -0.1438802773654839
                ],
                [
                    -0.0217338,
                    -0.0714191,
                    -0.99721,
                    -0.5709030889030057
                ],
                [
                    0.0,
                    0.0,
                    0.0,
                    1.0
                ]
            ]
        },
        {
            "file_path": "images/215_color.png",
            "distmap_path": "distmaps/215_color.png",
            "near": 0.30119209265387586,
            "far": 1.3845762712029608,
            "transform_matrix": [
                [
                    0.621526,
                    -0.781978,
                    0.0470629,
                    0.026730999041952107
                ],
                [
                    -0.782904,
                    -0.617893,
                    0.0725923,
                    -0.15890021242950625
                ],
                [
                    -0.0276857,
                    -0.0819638,
                    -0.996251,
                    -0.5703506983562524
                ],
                [
                    0.0,
                    0.0,
                    0.0,
                    1.0
                ]
            ]
        },
        {
            "file_path": "images/220_color.png",
            "distmap_path": "distmaps/220_color.png",
            "near": 0.296344385825778,
            "far": 1.3949318976580656,
            "transform_matrix": [
                [
                    0.61901,
                    -0.783692,
                    0.0515139,
                    0.019946044102554697
                ],
                [
                    -0.784665,
                    -0.614307,
                    0.0832328,
                    -0.1741018549102237
                ],
                [
                    -0.0335835,
                    -0.0919431,
                    -0.995198,
                    -0.5700781372312097
                ],
                [
                    0.0,
                    0.0,
                    0.0,
                    1.0
                ]
            ]
        },
        {
            "file_path": "images/230_color.png",
            "distmap_path": "distmaps/230_color.png",
            "near": 0.28998085320660266,
            "far": 1.4153129646904712,
            "transform_matrix": [
                [
                    0.614391,
                    -0.786714,
                    0.0600397,
                    0.00726650056556605
                ],
                [
                    -0.787743,
                    -0.607337,
                    0.102971,
                    -0.20250272413967807
                ],
                [
                    -0.044544,
                    -0.11056,
                    -0.992871,
                    -0.5702016982745624
                ],
                [
                    0.0,
                    0.0,
                    0.0,
                    1.0
                ]
            ]
        },
        {
            "file_path": "images/235_color.png",
            "distmap_path": "distmaps/235_color.png",
            "near": 0.2888008822733082,
            "far": 1.4238981592355973,
            "transform_matrix": [
                [
                    0.612672,
                    -0.787783,
                    0.0634875,
                    0.002071485522251311
                ],
                [
                    -0.788838,
                    -0.604588,
                    0.110489,
                    -0.21353054725890772
                ],
                [
                    -0.0486577,
                    -0.117775,
                    -0.991848,
                    -0.5708231376396598
                ],
                [
                    0.0,
                    0.0,
                    0.0,
                    1.0
                ]
            ]
        },
        {
            "file_path": "images/240_color.png",
            "distmap_path": "distmaps/240_color.png",
            "near": 0.2879650406878051,
            "far": 1.431781572902536,
            "transform_matrix": [
                [
                    0.611101,
                    -0.788756,
                    0.0664797,
                    -0.003016322145213337
                ],
                [
                    -0.789789,
                    -0.601982,
                    0.117693,
                    -0.2247128216823281
                ],
                [
                    -0.0528115,
                    -0.124427,
                    -0.990822,
                    -0.5702616617220719
                ],
                [
                    0.0,
                    0.0,
                    0.0,
                    1.0
                ]
            ]
        },
        {
            "file_path": "images/245_color.png",
            "distmap_path": "distmaps/245_color.png",
            "near": 0.2887788000433094,
            "far": 1.4395360191232467,
            "transform_matrix": [
                [
                    0.609656,
                    -0.78962,
                    0.0694273,
                    -0.0078043125751309506
                ],
                [
                    -0.790677,
                    -0.599586,
                    0.1238,
                    -0.2330659116278049
                ],
                [
                    -0.0561276,
                    -0.13037,
                    -0.989875,
                    -0.5720151382931801
                ],
                [
                    0.0,
                    0.0,
                    0.0,
                    1.0
                ]
            ]
        },
        {
            "file_path": "images/255_color.png",
            "distmap_path": "distmaps/255_color.png",
            "near": 0.290061421297202,
            "far": 1.4520132027841484,
            "transform_matrix": [
                [
                    0.607472,
                    -0.790895,
                    0.0739021,
                    -0.015188901989622429
                ],
                [
                    -0.791941,
                    -0.595785,
                    0.133675,
                    -0.24792776123930238
                ],
                [
                    -0.0616933,
                    -0.13973,
                    -0.988266,
                    -0.573299809729215
                ],
                [
                    0.0,
                    0.0,
                    0.0,
                    1.0
                ]
            ]
        },
        {
            "file_path": "images/260_color.png",
            "distmap_path": "distmaps/260_color.png",
            "near": 0.2906316244819417,
            "far": 1.456174508224812,
            "transform_matrix": [
                [
                    0.606833,
                    -0.791256,
                    0.0752775,
                    -0.017432988585807718
                ],
                [
                    -0.792296,
                    -0.594625,
                    0.136704,
                    -0.2526594223700446
                ],
                [
                    -0.063406,
                    -0.142599,
                    -0.987748,
                    -0.573857651498469
                ],
                [
                    0.0,
                    0.0,
                    0.0,
                    1.0
                ]
            ]
        },
        {
            "file_path": "images/265_color.png",
            "distmap_path": "distmaps/265_color.png",
            "near": 0.29149420710486623,
            "far": 1.4592388112823842,
            "transform_matrix": [
                [
                    0.606325,
                    -0.79154,
                    0.0763907,
                    -0.019429953095287642
                ],
                [
                    -0.792582,
                    -0.593707,
                    0.139014,
