{
    "camera_model": "FISHEYE_OPENCV",
    "fx": 767.3861511125845,
    "fy": 767.5058656118406,
    "cx": 679.054265997005,
    "cy": 543.646891684636,
    "k1": -0.18867185058223412,
    "k2": -0.003927337093919806,
    "k3": 0.030524814153620117,
    "k4": -0.012756926010904904,
    "p1": 0,
    "p2": 0,
    "w": 1350,
    "h": 1080,
    "camera_angle_x": 1.4428692492187012,
    "camera_angle_y": 1.2262461230200543,
    "scene_scale": 0.013013439920697803,
    "dist_ftype": "png",
    "distmap": "dense",
    "rgb_mask": "rgb_mask.png",
    "scene_T": [
        [
            1.0,
            0.0,
            0.0,
            -43.02162299781497
        ],
        [
            0.0,
            1.0,
            0.0,
            -37.16378413423893
        ],
        [
            0.0,
            0.0,
            1.0,
            97.08600961624924
        ],
        [
            0.0,
            0.0,
            0.0,
            1.0
        ]
    ],
    "distmap_scale": 3.141592653589793,
    "frames": [
        {
            "file_path": "images/0_color.png",
            "distmap_path": "distmaps/0_color.png",
            "near": 0.1585302003558857,
            "far": 1.2015040889067383,
            "transform_matrix": [
                [
                    0.658787,
                    -0.752243,
                    0.0114207,
                    0.010163197297381505
                ],
                [
                    -0.752321,
                    -0.658775,
                    0.0053215,
                    -0.009360360866829487
                ],
                [
                    0.00352065,
                    -0.0120978,
                    -0.999921,
                    0.011006892625407962
                ],
                [
                    0.0,
                    0.0,
                    0.0,
                    1.0
                ]
            ]
        },
        {
            "file_path": "images/5_color.png",
            "distmap_path": "distmaps/5_color.png",
            "near": 0.14902271839181358,
            "far": 1.215090573206567,
            "transform_matrix": [
                [
                    0.658839,
                    -0.752198,
                    0.0113975,
                    0.009159861079495686
                ],
                [
                    -0.752276,
                    -0.658828,
                    0.00521364,
                    -0.009336936674972193
                ],
                [
                    0.00358728,
                    -0.012009,
                    -0.999921,
                    -0.005866333575768783
                ],
                [
                    0.0,
                    0.0,
                    0.0,
                    1.0
                ]
            ]
        },
        {
            "file_path": "images/10_color.png",
            "distmap_path": "distmaps/10_color.png",
            "near": 0.1434616940922957,
            "far": 1.2279989611756852,
            "transform_matrix": [
                [
                    0.658814,
                    -0.752225,
                    0.0110424,
                    0.008936029912859743
                ],
                [
                    -0.752299,
                    -0.658802,
                    0.00518041,
                    -0.009072763844582043
                ],
                [
                    0.00337795,
                    -0.0117201,
                    -0.999926,
                    -0.02131849213760531
                ],
                [
                    0.0,
                    0.0,
                    0.0,
                    1.0
                ]
            ]
        },
        {
            "file_path": "images/15_color.png",
            "distmap_path": "distmaps/15_color.png",
            "near": 0.13724017230829838,
            "far": 1.2428855506567968,
            "transform_matrix": [
                [
                    0.658801,
                    -0.752228,
                    0.0115621,
                    0.007622973824861297
                ],
                [
                    -0.752308,
                    -0.658792,
                    0.00513456,
                    -0.008966053637232291
                ],
                [
                    0.00375465,
                    -0.0120809,
                    -0.99992,
                    -0.03762433235823966
                ],
                [
                    0.0,
                    0.0,
                    0.0,
                    1.0
                ]
            ]
        },
        {
            "file_path": "images/20_color.png",
            "distmap_path": "distmaps/20_color.png",
            "near": 0.13406645083369026,
            "far": 1.2567811044678059,
            "transform_matrix": [
                [
                    0.658801,
                    -0.752228,
                    0.0115641,
                    0.007020451556533053
                ],
                [
                    -0.752308,
                    -0.658792,
                    0.00506647,
                    -0.008774756070398064
                ],
                [
                    0.00380721,
                    -0.0120376,
                    -0.99992,
                    -0.05282142749763055
                ],
                [
                    0.0,
                    0.0,
                    0.0,
                    1.0
                ]
            ]
        },
        {
            "file_path": "images/30_color.png",
            "distmap_path": "distmaps/30_color.png",
            "near": 0.1359148298586651,
            "far": 1.2839239141488459,
            "transform_matrix": [
                [
                    0.658882,
                    -0.752159,
                    0.0114459,
                    0.005991088458805805
                ],
                [
                    -0.752236,
                    -0.658875,
                    0.00487281,
                    -0.008675853927000713
                ],
                [
                    0.00387632,
                    -0.0118206,
                    -0.999923,
                    -0.0821407076389627
                ],
                [
                    0.0,
                    0.0,
                    0.0,
                    1.0
                ]
            ]
        },
        {
            "file_path": "images/35_color.png",
            "distmap_path": "distmaps/35_color.png",
            "near": 0.137391125021933,
            "far": 1.2964729133248445,
            "transform_matrix": [
                [
                    0.658864,
                    -0.752173,
                    0.011547,
                    0.005404182318382362
                ],
                [
                    -0.752252,
                    -0.658858,
                    0.00489679,
                    -0.008739619782612215
                ],
                [
                    0.00392462,
                    -0.0119126,
                    -0.999921,
                    -0.09540140291815383
                ],
                [
                    0.0,
                    0.0,
                    0.0,
                    1.0
                ]
            ]
        },
        {
            "file_path": "images/40_color.png",
            "distmap_path": "distmaps/40_color.png",
            "near": 0.1396395066058996,
            "far": 1.3092664267033272,
            "transform_matrix": [
                [
                    0.658832,
                    -0.752199,
                    0.0117053,
                    0.005073640944396576
                ],
                [
                    -0.752279,
                    -0.658827,
                    0.00484545,
                    -0.008406475720642296
                ],
                [
                    0.004067,
                    -0.0119979,
                    -0.99992,
                    -0.10922167611393487
                ],
                [
                    0.0,
                    0.0,
                    0.0,
                    1.0
                ]
            ]
        },
        {
            "file_path": "images/45_color.png",
            "distmap_path": "distmaps/45_color.png",
            "near": 0.1415093871135277,
            "far": 1.318942524011834,
            "transform_matrix": [
                [
                    0.65885,
                    -0.752189,
                    0.0113459,
                    0.005350827214707486
                ],
                [
                    -0.752265,
                    -0.658844,
                    0.00477185,
                    -0.008229492937720849
                ],
                [
                    0.00388585,
                    -0.011679,
                    -0.999924,
                    -0.1194372264516826
                ],
                [
                    0.0,
                    0.0,
                    0.0,
                    1.0
                ]
            ]
        },
        {
            "file_path": "images/55_color.png",
            "distmap_path": "distmaps/55_color.png",
            "near": 0.13398568827003154,
            "far": 1.3422519412219998,
            "transform_matrix": [
                [
                    0.658823,
                    -0.752209,
                    0.0115792,
                    0.005202473999611507
                ],
                [
                    -0.752287,
                    -0.65882,
                    0.00469212,
                    -0.007917170379624089
                ],
                [
                    0.00409917,
                    -0.0118022,
                    -0.999922,
                    -0.14391550694251518
                ],
                [
                    0.0,
                    0.0,
                    0.0,
                    1.0
                ]
            ]
        },
        {
            "file_path": "images/60_color.png",
            "distmap_path": "distmaps/60_color.png",
            "near": 0.13006442771284657,
            "far": 1.3518558141987154,
            "transform_matrix": [
                [
                    0.658818,
                    -0.752215,
                    0.011446,
                    0.005177748463762193
                ],
                [
                    -0.752291,
                    -0.658815,
                    0.00458639,
                    -0.0075137537420824725
                ],
                [
                    0.00409086,
                    -0.0116323,
                    -0.999924,
                    -0.1540529766407389
                ],
                [
                    0.0,
                    0.0,
                    0.0,
                    1.0
                ]
            ]
        },
        {
            "file_path": "images/65_color.png",
            "distmap_path": "distmaps/65_color.png",
            "near": 0.13137204494338753,
            "far": 1.3613655309109252,
            "transform_matrix": [
                [
                    0.658795,
                    -0.752235,
                    0.011449,
                    0.0053195949588977914
                ],
                [
                    -0.752311,
                    -0.658792,
                    0.0045723,
                    -0.00736930455896274
                ],
                [
                    0.0041031,
                    -0.0116254,
                    -0.999924,
                    -0.1642425000986451
                ],
                [
                    0.0,
                    0.0,
                    0.0,
                    1.0
                ]
            ]
        },
        {
            "file_path": "images/70_color.png",
            "distmap_path": "distmaps/70_color.png",
            "near": 0.13345855759079164,
            "far": 1.371527015230951,
            "transform_matrix": [
                [
                    0.658856,
                    -0.752182,
                    0.0114283,
                    0.005104873200206269
                ],
                [
                    -0.752258,
                    -0.658853,
                    0.00456258,
                    -0.007758406412591575
                ],
                [
                    0.00409769,
                    -0.0116031,
                    -0.999924,
                    -0.1744970907561551
                ],
                [
                    0.0,
                    0.0,
                    0.0,
                    1.0
                ]
            ]
        },
        {
            "file_path": "images/80_color.png",
            "distmap_path": "distmaps/80_color.png",
            "near": 0.13888180313279272,
            "far": 1.3860754156056188,
            "transform_matrix": [
                [
                    0.658818,
                    -0.752216,
                    0.0113708,
                    0.00511918798411905
                ],
                [
                    -0.752291,
                    -0.658816,
                    0.00450658,
                    -0.007361496495010247
                ],
                [
                    0.00410132,
                    -0.0115231,
                    -0.999925,
                    -0.18994404394202338
                ],
                [
                    0.0,
                    0.0,
                    0.0,
                    1.0
                ]
            ]
        },
        {
            "file_path": "images/85_color.png",
            "distmap_path": "distmaps/85_color.png",
            "near": 0.14238825340561526,
            "far": 1.3935689083289422,
            "transform_matrix": [
                [
                    0.658809,
                    -0.752224,
                    0.0113742,
                    0.005171241743801813
                ],
                [
                    -0.752299,
                    -0.658806,
                    0.0045366,
                    -0.007456494606431351
                ],
                [
                    0.00408085,
                    -0.0115455,
                    -0.999925,
                    -0.19768704069483856
                ],
                [
                    0.0,
                    0.0,
                    0.0,
                    1.0
                ]
            ]
        },
        {
            "file_path": "images/90_color.png",
            "distmap_path": "distmaps/90_color.png",
            "near": 0.14554089845351223,
            "far": 1.4001173271904235,
            "transform_matrix": [
                [
                    0.65886,
                    -0.752177,
                    0.0115624,
                    0.004838097681831985
                ],
                [
                    -0.752253,
                    -0.658859,
                    0.00438653,
                    -0.0073003333273829706
                ],
                [
                    0.00431855,
                    -0.0115879,
                    -0.999924,
                    -0.20472731169193603
                ],
                [
                    0.0,
                    0.0,
                    0.0,
                    1.0
                ]
            ]
        },
        {
            "file_path": "images/95_color.png",
            "distmap_path": "distmaps/95_color.png",
            "near": 0.14867113519256273,
            "far": 1.4057836498601521,
            "transform_matrix": [
                [
                    0.658838,
                    -0.752196,
                    0.0115649,
                    0.005108777232182516
                ],
                [
                    -0.752272,
                    -0.658838,
                    0.00438545,
                    -0.007180609680112552
                ],
                [
                    0.00432073,
                    -0.0115893,
                    -0.999924,
                    -0.2109086956542676
                ],
                [
                    0.0,
                    0.0,
                    0.0,
                    1.0
                ]
            ]
        },
        {
            "file_path": "images/105_color.png",
            "distmap_path": "distmaps/105_color.png",
            "near": 0.14795909735530538,
            "far": 1.415634753559676,
            "transform_matrix": [
                [
                    0.658839,
                    -0.752197,
                    0.0114842,
                    0.005151721583920765
                ],
                [
                    -0.752272,
                    -0.658838,
                    0.00437994,
                    -0.007287319887462304
                ],
                [
                    0.00427169,
                    -0.0115249,
                    -0.999925,
                    -0.22129342071098426
                ],
                [
                    0.0,
                    0.0,
                    0.0,
                    1.0
                ]
            ]
        },
        {
            "file_path": "images/110_color.png",
            "distmap_path": "distmaps/110_color.png",
            "near": 0.14813710125199794,
            "far": 1.4204272005761232,
            "transform_matrix": [
                [
                    0.658811,
                    -0.752217,
                    0.011738,
                    0.004653306834958045
                ],
                [
                    -0.752295,
                    -0.658812,
                    0.0043608,
                    -0.0071923217760412
                ],
                [
                    0.00445285,
                    -0.0117034,
                    -0.999922,
                    -0.2262645547606909
                ],
                [
                    0.0,
                    0.0,
                    0.0,
                    1.0
                ]
            ]
        },
        {
            "file_path": "images/115_color.png",
            "distmap_path": "distmaps/115_color.png",
            "near": 0.14781669423795132,
            "far": 1.424158808942025,
            "transform_matrix": [
                [
                    0.658772,
                    -0.752251,
                    0.0117533,
                    0.004597349043299036
                ],
                [
                    -0.75233,
                    -0.658772,
                    0.00437393,
                    -0.0070895156006676955
                ],
                [
                    0.00445245,
                    -0.0117238,
                    -0.999921,
                    -0.23033776145586934
                ],
                [
                    0.0,
                    0.0,
                    0.0,
                    1.0
                ]
            ]
        },
        {
            "file_path": "images/120_color.png",
            "distmap_path": "distmaps/120_color.png",
            "near": 0.1475318880032432,
            "far": 1.427829807045328,
            "transform_matrix": [
                [
                    0.658785,
                    -0.752242,
                    0.0116229,
                    0.004611663827211817
                ],
                [
                    -0.752319,
                    -0.658785,
                    0.00435727,
                    -0.007248279567700209
                ],
                [
                    0.00437925,
                    -0.0116146,
                    -0.999923,
                    -0.23400755151350608
                ],
                [
                    0.0,
                    0.0,
                    0.0,
                    1.0
                ]
            ]
        },
        {
            "file_path": "images/130_color.png",
            "distmap_path": "distmaps/130_color.png",
            "near": 0.1485287098247216,
            "far": 1.4347838742630703,
            "transform_matrix": [
                [
                    0.658703,
                    -0.752304,
                    0.0122025,
                    0.0035107268099208518
                ],
                [
                    -0.752388,
                    -0.658706,
                    0.00429054,
                    -0.0069749973293655445
                ],
                [
                    0.00481005,
                    -0.0120071,
                    -0.999916,
                    -0.2411389165900485
                ],
                [
                    0.0,
                    0.0,
                    0.0,
                    1.0
                ]
            ]
        },
        {
            "file_path": "images/135_color.png",
            "distmap_path": "distmaps/135_color.png",
            "near": 0.14892034064793233,
            "far": 1.437484925362623,
            "transform_matrix": [
                [
                    0.658678,
                    -0.752322,
                    0.0124213,
                    0.003076077916569541
                ],
                [
                    -0.752409,
                    -0.658683,
                    0.00426256,
                    -0.007002325553198992
                ],
                [
                    0.00497492,
                    -0.0121535,
                    -0.999914,
                    -0.24407995401212618
                ],
                [
                    0.0,
                    0.0,
                    0.0,
                    1.0
                ]
            ]
        },
        {
            "file_path": "images/140_color.png",
            "distmap_path": "distmaps/140_color.png",
            "near": 0.14920514688264044,
            "far": 1.4399913539325078,
            "transform_matrix": [
                [
                    0.65864,
                    -0.752355,
                    0.0124601,
                    0.0027702620784330694
                ],
                [
                    -0.752442,
                    -0.658646,
                    0.0042296,
                    -0.006900820721817601
                ],
                [
                    0.00502463,
                    -0.0121613,
                    -0.999913,
                    -0.24659154791682084
                ],
                [
                    0.0,
                    0.0,
                    0.0,
                    1.0
                ]
            ]
        },
        {
            "file_path": "images/145_color.png",
            "distmap_path": "distmaps/145_color.png",
            "near": 0.14953546933996079,
            "far": 1.4422307808455346,
            "transform_matrix": [
                [
                    0.658621,
                    -0.75237,
                    0.0125458,
                    0.0023980776967011475
                ],
                [
                    -0.752457,
                    -0.658628,
                    0.00417006,
                    -0.006885204593912708
                ],
                [
                    0.00512562,
                    -0.0121867,
                    -0.999913,
                    -0.24886889990294292
                ],
                [
                    0.0,
                    0.0,
                    0.0,
                    1.0
                ]
            ]
        },
        {
            "file_path": "images/155_color.png",
            "distmap_path": "distmaps/155_color.png",
            "near": 0.1516972348120671,
            "far": 1.4485875700401067,
            "transform_matrix": [
                [
                    0.658474,
                    -0.752484,
                    0.013396,
                    9.209614275350812e-05
                ],
                [
                    -0.752582,
                    -0.658485,
                    0.00421944,
                    -0.006938559697587583
                ],
                [
                    0.00564597,
                    -0.0128599,
                    -0.999901,
                    -0.25476398818701906
                ],
                [
                    0.0,
                    0.0,
                    0.0,
                    1.0
                ]
            ]
        },
        {
            "file_path": "images/160_color.png",
            "distmap_path": "distmaps/160_color.png",
            "near": 0.15255166464143496,
            "far": 1.4517712089540216,
            "transform_matrix": [
                [
                    0.658452,
                    -0.752499,
                    0.0136282,
                    -0.0009203494830768255
                ],
                [
                    -0.7526,
                    -0.658464,
                    0.00418048,
                    -0.007058283344858001
                ],
                [
                    0.00582792,
                    -0.0130093,
                    -0.999898,
                    -0.25778310624862094
                ],
                [
                    0.0,
                    0.0,
                    0.0,
                    1.0
                ]
            ]
        },
        {
            "file_path": "images/165_color.png",
            "distmap_path": "distmaps/165_color.png",
            "near": 0.15299569090322715,
            "far": 1.4543356190574817,
            "transform_matrix": [
                [
                    0.658435,
                    -0.75251,
                    0.0138824,
                    -0.0015554053512068775
                ],
                [
                    -0.752614,
                    -0.65845,
                    0.0041174,
                    -0.007162390864223618
                ],
                [
                    0.00604252,
                    -0.0131591,
                    -0.999895,
                    -0.260281686713395
                ],
                [
                    0.0,
                    0.0,
                    0.0,
                    1.0
                ]
            ]
        },
        {
            "file_path": "images/170_color.png",
            "distmap_path": "distmaps/170_color.png",
            "near": 0.15268675259467146,
            "far": 1.4565682730628116,
            "transform_matrix": [
                [
                    0.658377,
                    -0.752561,
                    0.0138383,
                    -0.0015814322310482125
                ],
                [
                    -0.752664,
                    -0.658392,
                    0.00408653,
                    -0.007079104848731162
                ],
                [
                    0.00603564,
                    -0.013106,
                    -0.999896,
                    -0.26272821341848623
                ],
                [
                    0.0,
                    0.0,
                    0.0,
                    1.0
                ]
            ]
        },
        {
            "file_path": "images/180_color.png",
            "distmap_path": "distmaps/180_color.png",
            "near": 0.15470591052199828,
            "far": 1.4644344414105277,
            "transform_matrix": [
                [
                    0.658207,
                    -0.752686,
                    0.0150879,
                    -0.004407951381823845
                ],
                [
                    -0.752806,
                    -0.65823,
                    0.00409459,
                    -0.007209239247938114
                ],
                [
                    0.00684939,
                    -0.0140534,
                    -0.999878,
                    -0.2699506725744734
                ],
                [
                    0.0,
                    0.0,
                    0.0,
                    1.0
                ]
            ]
        },
        {
            "file_path": "images/185_color.png",
            "distmap_path": "distmaps/185_color.png",
            "near": 0.15517356724883793,
            "far": 1.4680884147184177,
            "transform_matrix": [
                [
                    0.658189,
                    -0.752697,
                    0.0152938,
                    -0.005495874959194143
                ],
                [
                    -0.75282,
                    -0.658215,
                    0.00403198,
                    -0.007293826607422683
                ],
                [
                    0.00703179,
                    -0.0141673,
                    -0.999875,
                    -0.273373207273617
                ],
                [
                    0.0,
                    0.0,
                    0.0,
                    1.0
                ]
            ]
        },
        {
            "file_path": "images/190_color.png",
            "distmap_path": "distmaps/190_color.png",
            "near": 0.15499557779152143,
            "far": 1.471538738156829,
            "transform_matrix": [
                [
                    0.658125,
                    -0.752746,
                    0.0156568,
                    -0.006048946155823759
                ],
                [
                    -0.752873,
                    -0.658154,
                    0.00394189,
                    -0.007132459952406037
                ],
                [
                    0.00733735,
                    -0.0143818,
                    -0.99987,
                    -0.2770950510909366
                ],
                [
                    0.0,
                    0.0,
                    0.0,
                    1.0
                ]
            ]
        },
        {
            "file_path": "images/195_color.png",
            "distmap_path": "distmaps/195_color.png",
            "near": 0.1548175883342049,
            "far": 1.4751615485155924,
            "transform_matrix": [
                [
                    0.658017,
                    -0.752836,
                    0.0158345,
                    -0.006655372456128342
                ],
                [
                    -0.752967,
                    -0.658047,
                    0.00400346,
                    -0.007293826607422683
                ],
                [
                    0.00740593,
                    -0.0145572,
                    -0.999867,
                    -0.28056963954976283
                ],
                [
                    0.0,
                    0.0,
                    0.0,
                    1.0
                ]
            ]
        },
        {
            "file_path": "images/205_color.png",
            "distmap_path": "distmaps/205_color.png",
            "near": 0.15526769028872464,
            "far": 1.483941562449822,
            "transform_matrix": [
                [
                    0.657872,
                    -0.75294,
                    0.016888,
                    -0.009153952920902323
                ],
                [
                    -0.753086,
                    -0.657911,
                    0.00391069,
                    -0.007293826607422683
                ],
                [
                    0.00816629,
                    -0.0152908,
                    -0.99985,
                    -0.2890283754982165
                ],
                [
                    0.0,
                    0.0,
                    0.0,
                    1.0
                ]
            ]
        },
        {
            "file_path": "images/210_color.png",
            "distmap_path": "distmaps/210_color.png",
            "near": 0.1536558702524519,
            "far": 1.4881854254458247,
            "transform_matrix": [
                [
                    0.657784,
                    -0.753012,
                    0.0171114,
                    -0.009789008789032374
                ],
                [
                    -0.753161,
                    -0.657825,
                    0.00388867,
                    -0.007344579023113333
                ],
                [
                    0.00832807,
                    -0.0154455,
                    -0.999846,
                    -0.29321870315268106
                ],
                [
                    0.0,
                    0.0,
                    0.0,
                    1.0
                ]
            ]
        },
        {
            "file_path": "images/215_color.png",
            "distmap_path": "distmaps/215_color.png",
            "near": 0.15145477672683477,
            "far": 1.4930984225269692,
            "transform_matrix": [
                [
                    0.657709,
                    -0.753068,
                    0.0175512,
                    -0.01091727403015688
                ],
                [
                    -0.753224,
                    -0.657753,
                    0.00394573,
                    -0.007796145388361557
                ],
                [
                    0.00857293,
                    -0.0158151,
                    -0.999838,
                    -0.29756519208619414
                ],
                [
                    0.0,
                    0.0,
                    0.0,
                    1.0
                ]
            ]
        },
        {
            "file_path": "images/220_color.png",
            "distmap_path": "distmaps/220_color.png",
            "near": 0.14904720011054362,
            "far": 1.4985812286059033,
            "transform_matrix": [
                [
                    0.657591,
                    -0.753154,
                    0.0182643,
                    -0.012110606470884815
                ],
                [
                    -0.75332,
                    -0.657643,
                    0.00382386,
                    -0.007405742190740609
                ],
                [
                    0.00913148,
                    -0.0162734,
                    -0.999826,
                    -0.3032780922113806
                ],
                [
                    0.0,
                    0.0,
                    0.0,
                    1.0
                ]
            ]
        },
        {
            "file_path": "images/230_color.png",
            "distmap_path": "distmaps/230_color.png",
            "near": 0.146731791626462,
            "far": 1.5057481682614708,
            "transform_matrix": [
                [
                    0.657476,
                    -0.75323,
                    0.0192341,
                    -0.014372342329102093
                ],
                [
                    -0.753411,
                    -0.65754,
                    0.00367841,
                    -0.007655600237218071
                ],
                [
                    0.00987651,
                    -0.0169097,
                    -0.999808,
                    -0.3139100726265906
                ],
                [
                    0.0,
                    0.0,
                    0.0,
                    1.0
                ]
            ]
        },
        {
            "file_path": "images/235_color.png",
            "distmap_path": "distmaps/235_color.png",
            "near": 0.146767656611105,
            "far": 1.5054050169155846,
            "transform_matrix": [
                [
                    0.657349,
                    -0.753329,
                    0.0196876,
                    -0.015304104627424103
                ],
                [
                    -0.753518,
                    -0.657417,
                    0.00368524,
                    -0.007747995660655042
                ],
                [
                    0.0101668,
                    -0.0172574,
                    -0.999799,
                    -0.31946681147272865
                ],
                [
                    0.0,
                    0.0,
                    0.0,
                    1.0
                ]
            ]
        },
        {
            "file_path": "images/240_color.png",
            "distmap_path": "distmaps/240_color.png",
            "near": 0.14726983148628373,
            "far": 1.5049878159881511,
            "transform_matrix": [
                [
                    0.657272,
                    -0.753383,
                    0.020186,
                    -0.01614997822226943
                ],
                [
                    -0.75358,
                    -0.657347,
                    0.00361345,
                    -0.007922375755592355
                ],
                [
                    0.0105469,
                    -0.0175868,
                    -0.99979,
                    -0.32532285943704253
                ],
                [
                    0.0,
                    0.0,
                    0.0,
                    1.0
                ]
            ]
        },
        {
            "file_path": "images/245_color.png",
            "distmap_path": "distmaps/245_color.png",
            "near": 0.14772561680401677,
            "far": 1.5045255204213677,
            "transform_matrix": [
                [
                    0.657129,
                    -0.75349,
                    0.0208541,
                    -0.016988043753162357
                ],
                [
                    -0.753698,
                    -0.657211,
                    0.00360711,
                    -0.007951005323417916
                ],
                [
                    0.0109876,
                    -0.018088,
                    -0.999776,
                    -0.3305672757250838
                ],
                [
                    0.0,
                    0.0,
                    0.0,
                    1.0
                ]
            ]
        },
        {
            "file_path": "images/255_color.png",
            "distmap_path": "distmaps/255_color.png",
            "near": 0.14980386389276443,
            "far": 1.5030045525627553,
            "transform_matrix": [
                [
                    0.656937,
                    -0.753631,
                    0.0217658,
                    -0.018515821599852326
                ],
                [
                    -0.753854,
                    -0.657033,
                    0.00340891,
                    -0.0078013507643298246
                ],
                [
                    0.0117318,
                    -0.0186477,
                    -0.999757,
                    -0.3442053607619751
                ],
                [
                    0.0,
                    0.0,
                    0.0,
                    1.0
                ]
            ]
        },
        {
            "file_path": "images/260_color.png",
            "distmap_path": "distmaps/260_color.png",
            "near": 0.1511069236150289,
            "far": 1.5028139985975373,
            "transform_matrix": [
                [
                    0.656815,
                    -0.75371,
                    0.0226753,
                    -0.01974298898437409
                ],
                [
                    -0.75395,
                    -0.656923,
                    0.0033974,
                    -0.008187849929974619
                ],
                [
                    0.0123353,
                    -0.0193275,
                    -0.999737,
                    -0.35118056455946917
                ],
                [
                    0.0,
                    0.0,
                    0.0,
                    1.0
                ]
            ]
        },
        {
            "file_path": "images/265_color.png",
            "distmap_path": "distmaps/265_color.png",
            "near": 0.15252950444964256,
            "far": 1.5021607037841702,
            "transform_matrix": [
                [
