{
    "camera_model": "FISHEYE_OPENCV",
    "fx": 767.3861511125845,
    "fy": 767.5058656118406,
    "cx": 679.054265997005,
    "cy": 543.646891684636,
    "k1": -0.18867185058223412,
    "k2": -0.003927337093919806,
    "k3": 0.030524814153620117,
    "k4": -0.012756926010904904,
    "p1": 0,
    "p2": 0,
    "w": 1350,
    "h": 1080,
    "camera_angle_x": 1.4428692492187012,
    "camera_angle_y": 1.2262461230200543,
    "scene_scale": 0.019374037343377105,
    "dist_ftype": "png",
    "distmap": "dense",
    "rgb_mask": "rgb_mask.png",
    "scene_T": [
        [
            1.0,
            0.0,
            0.0,
            -43.36950417189787
        ],
        [
            0.0,
            1.0,
            0.0,
            -42.54642216827587
        ],
        [
            0.0,
            0.0,
            1.0,
            56.707672258963186
        ],
        [
            0.0,
            0.0,
            0.0,
            1.0
        ]
    ],
    "distmap_scale": 3.141592653589793,
    "frames": [
        {
            "file_path": "images/0_color.png",
            "distmap_path": "distmaps/0_color.png",
            "near": 0.2036381486969598,
            "far": 1.9473455236466561,
            "transform_matrix": [
                [
                    -0.455601,
                    -0.833798,
                    0.311783,
                    0.021266799965319834
                ],
                [
                    -0.808704,
                    0.534068,
                    0.246515,
                    0.09498853820183913
                ],
                [
                    -0.372057,
                    -0.139827,
                    -0.917618,
                    -0.751007971419616
                ],
                [
                    0.0,
                    0.0,
                    0.0,
                    1.0
                ]
            ]
        },
        {
            "file_path": "images/5_color.png",
            "distmap_path": "distmaps/5_color.png",
            "near": 0.20423504262865044,
            "far": 1.9470323064964694,
            "transform_matrix": [
                [
                    -0.455577,
                    -0.833849,
                    0.311682,
                    0.0217802119549193
                ],
                [
                    -0.808661,
                    0.534037,
                    0.246723,
                    0.09471148946782885
                ],
                [
                    -0.37218,
                    -0.139644,
                    -0.917596,
                    -0.7507522341266833
                ],
                [
                    0.0,
                    0.0,
                    0.0,
                    1.0
                ]
            ]
        },
        {
            "file_path": "images/10_color.png",
            "distmap_path": "distmaps/10_color.png",
            "near": 0.20394305204470886,
            "far": 1.9477034861040123,
            "transform_matrix": [
                [
                    -0.45559,
                    -0.833807,
                    0.311774,
                    0.02178796156985677
                ],
                [
                    -0.808639,
                    0.534082,
                    0.246697,
                    0.09483160849935779
                ],
                [
                    -0.37221,
                    -0.13972,
                    -0.917572,
                    -0.7514303254337015
                ],
                [
                    0.0,
                    0.0,
                    0.0,
                    1.0
                ]
            ]
        },
        {
            "file_path": "images/15_color.png",
            "distmap_path": "distmaps/15_color.png",
            "near": 0.20418202291740417,
            "far": 1.9471665424179778,
            "transform_matrix": [
                [
                    -0.455669,
                    -0.833756,
                    0.311796,
                    0.021753088302638633
                ],
                [
                    -0.808734,
                    0.534111,
                    0.246324,
                    0.09545738990554886
                ],
                [
                    -0.371908,
                    -0.139917,
                    -0.917664,
                    -0.751071905742849
                ],
                [
                    0.0,
                    0.0,
                    0.0,
                    1.0
                ]
            ]
        },
        {
            "file_path": "images/20_color.png",
            "distmap_path": "distmaps/20_color.png",
            "near": 0.20431423757699252,
            "far": 1.9482609941997862,
            "transform_matrix": [
                [
                    -0.455862,
                    -0.833772,
                    0.311471,
                    0.022413742976047837
                ],
                [
                    -0.808924,
                    0.534083,
                    0.245757,
                    0.0940973324840438
                ],
                [
                    -0.371256,
                    -0.139925,
                    -0.917927,
                    -0.7518933649262082
                ],
                [
                    0.0,
                    0.0,
                    0.0,
                    1.0
                ]
            ]
        },
        {
            "file_path": "images/30_color.png",
            "distmap_path": "distmaps/30_color.png",
            "near": 0.2039429843454146,
            "far": 1.9499643649879272,
            "transform_matrix": [
                [
                    -0.456182,
                    -0.833869,
                    0.310742,
                    0.022748913822088237
                ],
                [
                    -0.80953,
                    0.533874,
                    0.244214,
                    0.09055769586140872
                ],
                [
                    -0.369539,
                    -0.140149,
                    -0.918585,
                    -0.7526063295004445
                ],
                [
                    0.0,
                    0.0,
                    0.0,
                    1.0
                ]
            ]
        },
        {
            "file_path": "images/35_color.png",
            "distmap_path": "distmaps/35_color.png",
            "near": 0.2037971971484033,
            "far": 1.9522405530760103,
            "transform_matrix": [
                [
                    -0.456491,
                    -0.83392,
                    0.310151,
                    0.023632369924946238
                ],
                [
                    -0.80999,
                    0.53375,
                    0.242953,
                    0.08765933987483951
                ],
                [
                    -0.368147,
                    -0.140314,
                    -0.919119,
                    -0.7541678769103207
                ],
                [
                    0.0,
                    0.0,
                    0.0,
                    1.0
                ]
            ]
        },
        {
            "file_path": "images/40_color.png",
            "distmap_path": "distmaps/40_color.png",
            "near": 0.2045394232551395,
            "far": 1.9532117257579782,
            "transform_matrix": [
                [
                    -0.456918,
                    -0.833914,
                    0.309536,
                    0.024829685432766906
                ],
                [
                    -0.81048,
                    0.533696,
                    0.241437,
                    0.08552819576706804
                ],
                [
                    -0.366536,
                    -0.140556,
                    -0.919726,
                    -0.754737473608216
                ],
                [
                    0.0,
                    0.0,
                    0.0,
                    1.0
                ]
            ]
        },
        {
            "file_path": "images/45_color.png",
            "distmap_path": "distmaps/45_color.png",
            "near": 0.20374418099792213,
            "far": 1.9557100282814417,
            "transform_matrix": [
                [
                    -0.457164,
                    -0.833978,
                    0.309002,
                    0.025004051768857307
                ],
                [
                    -0.810992,
                    0.533523,
                    0.240095,
                    0.0824961589228295
                ],
                [
                    -0.365094,
                    -0.140835,
                    -0.920256,
                    -0.756308708036764
                ],
                [
                    0.0,
                    0.0,
                    0.0,
                    1.0
                ]
            ]
        },
        {
            "file_path": "images/55_color.png",
            "distmap_path": "distmaps/55_color.png",
            "near": 0.20416898853719417,
            "far": 1.9607191107491655,
            "transform_matrix": [
                [
                    -0.458249,
                    -0.834022,
                    0.307271,
                    0.027356059902343313
                ],
                [
                    -0.812365,
                    0.53328,
                    0.235955,
                    0.07551569326801082
                ],
                [
                    -0.360653,
                    -0.14149,
                    -0.921906,
                    -0.7595867951552634
                ],
                [
                    0.0,
                    0.0,
                    0.0,
                    1.0
                ]
            ]
        },
        {
            "file_path": "images/60_color.png",
            "distmap_path": "distmaps/60_color.png",
            "near": 0.20326771098459065,
            "far": 1.9636659535915442,
            "transform_matrix": [
                [
                    -0.458606,
                    -0.834165,
                    0.306349,
                    0.027431618647982513
                ],
                [
                    -0.813174,
                    0.53296,
                    0.233884,
                    0.07085042507572561
                ],
                [
                    -0.358369,
                    -0.141855,
                    -0.92274,
                    -0.7610689090120316
                ],
                [
                    0.0,
                    0.0,
                    0.0,
                    1.0
                ]
            ]
        },
        {
            "file_path": "images/65_color.png",
            "distmap_path": "distmaps/65_color.png",
            "near": 0.20420760494768386,
            "far": 1.966745943953391,
            "transform_matrix": [
                [
                    -0.459241,
                    -0.834213,
                    0.305266,
                    0.029506578047458116
                ],
                [
                    -0.813988,
                    0.532792,
                    0.231422,
                    0.06657457503404227
                ],
                [
                    -0.355699,
                    -0.142204,
                    -0.923719,
                    -0.763244613405693
                ],
                [
                    0.0,
                    0.0,
                    0.0,
                    1.0
                ]
            ]
        },
        {
            "file_path": "images/70_color.png",
            "distmap_path": "distmaps/70_color.png",
            "near": 0.20371233981400777,
            "far": 1.9699240996749463,
            "transform_matrix": [
                [
                    -0.459784,
                    -0.83428,
                    0.304261,
                    0.029917307639137716
                ],
                [
                    -0.815035,
                    0.532484,
                    0.228426,
                    0.06145401696418773
                ],
                [
                    -0.352586,
                    -0.142957,
                    -0.924796,
                    -0.7648294096603813
                ],
                [
                    0.0,
                    0.0,
                    0.0,
                    1.0
                ]
            ]
        },
        {
            "file_path": "images/80_color.png",
            "distmap_path": "distmaps/80_color.png",
            "near": 0.20543117048577442,
            "far": 1.9778986171907174,
            "transform_matrix": [
                [
                    -0.461233,
                    -0.834445,
                    0.301606,
                    0.03384442500864026
                ],
                [
                    -0.817096,
                    0.531958,
                    0.222204,
                    0.05091066584192184
                ],
                [
                    -0.345858,
                    -0.143954,
                    -0.927178,
                    -0.7701572699298098
                ],
                [
                    0.0,
                    0.0,
                    0.0,
                    1.0
                ]
            ]
        },
        {
            "file_path": "images/85_color.png",
            "distmap_path": "distmaps/85_color.png",
            "near": 0.20674200730713843,
            "far": 1.9818115669763388,
            "transform_matrix": [
                [
                    -0.461918,
                    -0.834594,
                    0.300142,
                    0.03614993545250213
                ],
                [
                    -0.818168,
                    0.53161,
                    0.21907,
                    0.04491052647667796
                ],
                [
                    -0.342393,
                    -0.144374,
                    -0.928398,
                    -0.7725654627715917
                ],
                [
                    0.0,
                    0.0,
                    0.0,
                    1.0
                ]
            ]
        },
        {
            "file_path": "images/90_color.png",
            "distmap_path": "distmaps/90_color.png",
            "near": 0.2072858473964681,
            "far": 1.987319589916647,
            "transform_matrix": [
                [
                    -0.462501,
                    -0.834857,
                    0.298507,
                    0.03769210882503493
                ],
                [
                    -0.819403,
                    0.531075,
                    0.215727,
                    0.037426335850931414
                ],
                [
                    -0.338631,
                    -0.144824,
                    -0.929707,
                    -0.775878423157309
                ],
                [
                    0.0,
                    0.0,
                    0.0,
                    1.0
                ]
            ]
        },
        {
            "file_path": "images/95_color.png",
            "distmap_path": "distmaps/95_color.png",
            "near": 0.2083950828174277,
            "far": 1.9924881836237291,
            "transform_matrix": [
                [
                    -0.463402,
                    -0.834895,
                    0.297001,
                    0.0396120759257636
                ],
                [
                    -0.820773,
                    0.530734,
                    0.211311,
                    0.03139519802593806
                ],
                [
                    -0.334051,
                    -0.145848,
                    -0.931203,
                    -0.7793986857426007
                ],
                [
                    0.0,
                    0.0,
                    0.0,
                    1.0
                ]
            ]
        },
        {
            "file_path": "images/105_color.png",
            "distmap_path": "distmaps/105_color.png",
            "near": 0.2108519442119417,
            "far": 2.0037208495407897,
            "transform_matrix": [
                [
                    -0.464805,
                    -0.835262,
                    0.293758,
                    0.04310134005130588
                ],
                [
                    -0.823396,
                    0.529749,
                    0.203434,
                    0.017071972217979372
                ],
                [
                    -0.325539,
                    -0.147322,
                    -0.933981,
                    -0.7863675269750136
                ],
                [
                    0.0,
                    0.0,
                    0.0,
                    1.0
                ]
            ]
        },
        {
            "file_path": "images/110_color.png",
            "distmap_path": "distmaps/110_color.png",
            "near": 0.21324542679749472,
            "far": 2.010267126981779,
            "transform_matrix": [
                [
                    -0.465678,
                    -0.835451,
                    0.291832,
                    0.04580401826070695
                ],
                [
                    -0.82492,
                    0.529196,
                    0.198641,
                    0.009347543529174957
                ],
                [
                    -0.320391,
                    -0.148235,
                    -0.935615,
                    -0.7907208731660704
                ],
                [
                    0.0,
                    0.0,
                    0.0,
                    1.0
                ]
            ]
        },
        {
            "file_path": "images/115_color.png",
            "distmap_path": "distmaps/115_color.png",
            "near": 0.21596195323156261,
            "far": 2.015918627906416,
            "transform_matrix": [
                [
                    -0.466566,
                    -0.83555,
                    0.290125,
                    0.04861519107923095
                ],
                [
                    -0.826281,
                    0.528773,
                    0.194059,
                    0.0034675231954600133
                ],
                [
                    -0.315556,
                    -0.149184,
                    -0.937107,
                    -0.7948397935052722
                ],
                [
                    0.0,
                    0.0,
                    0.0,
                    1.0
                ]
            ]
        },
        {
            "file_path": "images/120_color.png",
            "distmap_path": "distmaps/120_color.png",
            "near": 0.21784795008146365,
            "far": 2.022557693488092,
            "transform_matrix": [
                [
                    -0.467105,
                    -0.835891,
                    0.28827,
                    0.05051384673888189
                ],
                [
                    -0.8276,
                    0.528088,
                    0.190267,
                    -0.005535591958007338
                ],
                [
                    -0.311274,
                    -0.149698,
                    -0.938456,
                    -0.7986661658805894
                ],
                [
                    0.0,
                    0.0,
                    0.0,
                    1.0
                ]
            ]
        },
        {
            "file_path": "images/130_color.png",
            "distmap_path": "distmaps/130_color.png",
            "near": 0.22275478431802462,
            "far": 2.0309610224588774,
            "transform_matrix": [
                [
                    -0.468434,
                    -0.836152,
                    0.285341,
                    0.05538835453447563
                ],
                [
                    -0.829694,
                    0.527317,
                    0.18315,
                    -0.016162251440849623
                ],
                [
                    -0.303606,
                    -0.150952,
                    -0.940764,
                    -0.80417807950478
                ],
                [
                    0.0,
                    0.0,
                    0.0,
                    1.0
                ]
            ]
        },
        {
            "file_path": "images/135_color.png",
            "distmap_path": "distmaps/135_color.png",
            "near": 0.22420803103299647,
            "far": 2.0361068802917615,
            "transform_matrix": [
                [
                    -0.468868,
                    -0.836332,
                    0.284096,
                    0.056593419657233635
                ],
                [
                    -0.830809,
                    0.526782,
                    0.179603,
                    -0.0213544934488747
                ],
                [
                    -0.299865,
                    -0.15182,
                    -0.941824,
                    -0.8076595940153848
                ],
                [
                    0.0,
                    0.0,
                    0.0,
                    1.0
                ]
            ]
        },
        {
            "file_path": "images/140_color.png",
            "distmap_path": "distmaps/140_color.png",
            "near": 0.2254767507890276,
            "far": 2.040231378216395,
            "transform_matrix": [
                [
                    -0.469243,
                    -0.836535,
                    0.282877,
                    0.05773455045675857
                ],
                [
                    -0.831727,
                    0.526306,
                    0.176724,
                    -0.026618419395070314
                ],
                [
                    -0.296716,
                    -0.15235,
                    -0.942735,
                    -0.8100658494534323
                ],
                [
                    0.0,
                    0.0,
                    0.0,
                    1.0
                ]
            ]
        },
        {
            "file_path": "images/145_color.png",
            "distmap_path": "distmaps/145_color.png",
            "near": 0.2276210579494577,
            "far": 2.04448853499701,
            "transform_matrix": [
                [
                    -0.469648,
                    -0.836698,
                    0.281722,
                    0.059704890054580045
                ],
                [
                    -0.832533,
                    0.525919,
                    0.174065,
                    -0.031093822021390456
                ],
                [
                    -0.293803,
                    -0.152793,
                    -0.943575,
                    -0.8130300771669691
                ],
                [
                    0.0,
                    0.0,
                    0.0,
                    1.0
                ]
            ]
        },
        {
            "file_path": "images/155_color.png",
            "distmap_path": "distmaps/155_color.png",
            "near": 0.22993961118230652,
            "far": 2.052047470872304,
            "transform_matrix": [
                [
                    -0.470371,
                    -0.836951,
                    0.279758,
                    0.06247537739468298
                ],
                [
                    -0.834057,
                    0.525194,
                    0.16888,
                    -0.0388744354184906
                ],
                [
                    -0.288272,
                    -0.153898,
                    -0.945101,
                    -0.8182029451376507
                ],
                [
                    0.0,
                    0.0,
                    0.0,
                    1.0
                ]
            ]
        },
        {
            "file_path": "images/160_color.png",
            "distmap_path": "distmaps/160_color.png",
            "near": 0.2306474406085793,
            "far": 2.0549353609641234,
            "transform_matrix": [
                [
                    -0.470774,
                    -0.837087,
                    0.278672,
                    0.06444765439623872
                ],
                [
                    -0.834731,
                    0.524881,
                    0.166507,
                    -0.04211377446230328
                ],
                [
                    -0.28565,
                    -0.154229,
                    -0.945842,
                    -0.82025271828858
                ],
                [
                    0.0,
                    0.0,
                    0.0,
                    1.0
                ]
            ]
        },
        {
            "file_path": "images/165_color.png",
            "distmap_path": "distmaps/165_color.png",
            "near": 0.23047891244643579,
            "far": 2.058164087325859,
            "transform_matrix": [
                [
                    -0.470952,
                    -0.8372,
                    0.278031,
                    0.06517030598914672
                ],
                [
                    -0.835255,
                    0.524586,
                    0.164796,
                    -0.04527561735674249
                ],
                [
                    -0.283818,
                    -0.154616,
                    -0.94633,
                    -0.8223974242224917
                ],
                [
                    0.0,
                    0.0,
                    0.0,
                    1.0
                ]
            ]
        },
        {
            "file_path": "images/170_color.png",
            "distmap_path": "distmaps/170_color.png",
            "near": 0.2302377245685484,
            "far": 2.0606930236597103,
            "transform_matrix": [
                [
                    -0.47111,
                    -0.837381,
                    0.277215,
                    0.06619131775714272
                ],
                [
                    -0.835801,
                    0.524232,
                    0.163149,
                    -0.04864282504702142
                ],
                [
                    -0.281943,
                    -0.154835,
                    -0.946855,
                    -0.8238640388493856
                ],
                [
                    0.0,
                    0.0,
                    0.0,
                    1.0
                ]
            ]
        },
        {
            "file_path": "images/180_color.png",
            "distmap_path": "distmaps/180_color.png",
            "near": 0.22964161220926424,
            "far": 2.0651908394380007,
            "transform_matrix": [
                [
                    -0.471375,
                    -0.83756,
                    0.276221,
                    0.06695078002100313
                ],
                [
                    -0.836671,
                    0.523731,
                    0.160275,
                    -0.0533855893886801
                ],
                [
                    -0.278906,
                    -0.155556,
                    -0.947636,
                    -0.8266616498417692
                ],
                [
                    0.0,
                    0.0,
                    0.0,
                    1.0
                ]
            ]
        },
        {
            "file_path": "images/185_color.png",
            "distmap_path": "distmaps/185_color.png",
            "near": 0.23012487933899875,
            "far": 2.066835712906786,
            "transform_matrix": [
                [
                    -0.471502,
                    -0.837677,
                    0.27565,
                    0.0681849061997762
                ],
                [
                    -0.83697,
                    0.523537,
                    0.15934,
                    -0.055198999284020236
                ],
                [
                    -0.277788,
                    -0.155582,
                    -0.94796,
                    -0.8278609027533244
                ],
                [
                    0.0,
                    0.0,
                    0.0,
                    1.0
                ]
            ]
        },
        {
            "file_path": "images/190_color.png",
            "distmap_path": "distmaps/190_color.png",
            "near": 0.2297621421937612,
            "far": 2.067843910080808,
            "transform_matrix": [
                [
                    -0.471583,
                    -0.837735,
                    0.275337,
                    0.06839802061055339
                ],
                [
                    -0.837217,
                    0.523392,
                    0.158519,
                    -0.05672761083041264
                ],
                [
                    -0.276906,
                    -0.155762,
                    -0.948188,
                    -0.8283394414757057
                ],
                [
                    0.0,
                    0.0,
                    0.0,
                    1.0
                ]
            ]
        },
        {
            "file_path": "images/195_color.png",
            "distmap_path": "distmaps/195_color.png",
            "near": 0.23020792065315468,
            "far": 2.0688941154704144,
            "transform_matrix": [
                [
                    -0.471661,
                    -0.837731,
                    0.275212,
                    0.06870994261178166
                ],
                [
                    -0.837365,
                    0.523336,
                    0.157922,
                    -0.05698334812334517
                ],
                [
                    -0.276325,
                    -0.155967,
                    -0.948324,
                    -0.8293197677652806
                ],
                [
                    0.0,
                    0.0,
                    0.0,
                    1.0
                ]
            ]
        },
        {
            "file_path": "images/205_color.png",
            "distmap_path": "distmaps/205_color.png",
            "near": 0.2303311995040057,
            "far": 2.069818296213268,
            "transform_matrix": [
                [
                    -0.471784,
                    -0.837731,
                    0.275004,
                    0.06902767682421312
                ],
                [
                    -0.837482,
                    0.52331,
                    0.157387,
                    -0.05776218442454904
                ],
                [
                    -0.27576,
                    -0.156058,
                    -0.948474,
                    -0.830005608687236
                ],
                [
                    0.0,
                    0.0,
                    0.0,
                    1.0
                ]
            ]
        },
        {
            "file_path": "images/210_color.png",
            "distmap_path": "distmaps/210_color.png",
            "near": 0.23027614420729908,
            "far": 2.0696502633509306,
            "transform_matrix": [
                [
                    -0.471741,
                    -0.837759,
                    0.274991,
                    0.0690199272092758
                ],
                [
                    -0.837523,
                    0.523257,
                    0.157347,
                    -0.057767996635751974
                ],
                [
                    -0.27571,
                    -0.156084,
                    -0.948484,
                    -0.829862240810895
                ],
                [
                    0.0,
                    0.0,
                    0.0,
                    1.0
                ]
            ]
        },
        {
            "file_path": "images/215_color.png",
            "distmap_path": "distmaps/215_color.png",
            "near": 0.2289437110956042,
            "far": 2.069467416795176,
            "transform_matrix": [
                [
                    -0.471617,
                    -0.8377,
                    0.275382,
                    0.06711352193468739
                ],
                [
                    -0.837556,
                    0.523231,
                    0.157256,
                    -0.05739214031129051
                ],
                [
                    -0.275822,
                    -0.156483,
                    -0.948385,
                    -0.8294166379519974
                ],
                [
                    0.0,
                    0.0,
                    0.0,
                    1.0
                ]
            ]
        },
        {
            "file_path": "images/220_color.png",
            "distmap_path": "distmaps/220_color.png",
            "near": 0.22674759429049388,
            "far": 2.0670211414559776,
            "transform_matrix": [
                [
                    -0.471479,
                    -0.837533,
                    0.276126,
                    0.06475763899373285
                ],
                [
                    -0.837565,
                    0.523277,
                    0.157056,
                    -0.056590055165274634
                ],
                [
                    -0.27603,
                    -0.157224,
                    -0.948202,
                    -0.8268825138674838
                ],
                [
                    0.0,
                    0.0,
                    0.0,
                    1.0
                ]
            ]
        },
        {
            "file_path": "images/230_color.png",
            "distmap_path": "distmaps/230_color.png",
            "near": 0.22460579797801994,
            "far": 2.0564661195859215,
            "transform_matrix": [
                [
                    -0.471463,
                    -0.837179,
                    0.277226,
                    0.06421129114064952
                ],
                [
                    -0.837453,
                    0.523536,
                    0.156788,
                    -0.053517332842615034
                ],
                [
                    -0.276397,
                    -0.158244,
                    -0.947926,
                    -0.8175364782530384
                ],
                [
                    0.0,
                    0.0,
                    0.0,
                    1.0
                ]
            ]
        },
        {
            "file_path": "images/235_color.png",
            "distmap_path": "distmaps/235_color.png",
            "near": 0.22276402937044934,
            "far": 2.0490188205336555,
            "transform_matrix": [
                [
                    -0.471498,
                    -0.836807,
                    0.278285,
                    0.06250831325816672
                ],
                [
                    -0.837347,
                    0.523818,
                    0.156411,
                    -0.05038261360045663
                ],
                [
                    -0.276657,
                    -0.159273,
                    -0.947678,
                    -0.8110268017056638
                ],
                [
                    0.0,
                    0.0,
                    0.0,
                    1.0
                ]
            ]
        },
        {
            "file_path": "images/240_color.png",
            "distmap_path": "distmaps/240_color.png",
            "near": 0.22031201929399283,
            "far": 2.040104444014941,
            "transform_matrix": [
                [
                    -0.471413,
                    -0.836559,
                    0.279176,
                    0.06141561755200018
                ],
                [
                    -0.837272,
                    0.523973,
                    0.156294,
                    -0.048685447929176895
                ],
                [
                    -0.27703,
                    -0.160067,
                    -0.947435,
                    -0.8026669045919965
                ],
                [
                    0.0,
                    0.0,
                    0.0,
                    1.0
                ]
            ]
        },
        {
            "file_path": "images/245_color.png",
            "distmap_path": "distmaps/245_color.png",
            "near": 0.21792915949844294,
            "far": 2.0310665408208814,
            "transform_matrix": [
                [
                    -0.471333,
                    -0.836236,
                    0.280275,
                    0.05916629181643417
                ],
                [
                    -0.837223,
                    0.524156,
                    0.155945,
                    -0.04563209964386062
                ],
                [
                    -0.277315,
                    -0.16115,
                    -0.947168,
                    -0.7944271265098584
                ],
                [
                    0.0,
                    0.0,
                    0.0,
                    1.0
                ]
            ]
        },
        {
            "file_path": "images/255_color.png",
            "distmap_path": "distmaps/255_color.png",
            "near": 0.21239125824414276,
            "far": 2.0119551403081903,
            "transform_matrix": [
                [
                    -0.471082,
                    -0.835375,
                    0.283249,
                    0.0527069877661523
                ],
                [
                    -0.837071,
                    0.524639,
                    0.155131,
                    -0.03934522452593474
                ],
                [
                    -0.278196,
                    -0.16402,
                    -0.946416,
                    -0.776624323595029
                ],
                [
                    0.0,
                    0.0,
                    0.0,
                    1.0
                ]
            ]
        },
        {
            "file_path": "images/260_color.png",
            "distmap_path": "distmaps/260_color.png",
            "near": 0.21144703690073421,
            "far": 2.0038060477646114,
            "transform_matrix": [
                [
                    -0.471054,
                    -0.835084,
                    0.284154,
                    0.051414739475348956
                ],
                [
                    -0.837031,
                    0.524813,
                    0.15476,
                    -0.0370494011007446
                ],
                [
                    -0.278365,
                    -0.164946,
                    -0.946206,
                    -0.7691517573916885
                ],
                [
                    0.0,
                    0.0,
                    0.0,
                    1.0
                ]
            ]
        },
        {
            "file_path": "images/265_color.png",
            "distmap_path": "distmaps/265_color.png",
            "near": 0.20963856524925792,
            "far": 1.9968294543115561,
            "transform_matrix": [
                [
                    -0.471006,
                    -0.834738,
                    0.285246,
                    0.04848538502903042
                ],
                [
                    -0.837121,
                    0.524931,
                    0.15387,
                    -0.03479813796144406
                ],
                [
                    -0.278176,
