{
    "camera_model": "FISHEYE_OPENCV",
    "fx": 767.3861511125845,
    "fy": 767.5058656118406,
    "cx": 679.054265997005,
    "cy": 543.646891684636,
    "k1": -0.18867185058223412,
    "k2": -0.003927337093919806,
    "k3": 0.030524814153620117,
    "k4": -0.012756926010904904,
    "p1": 0,
    "p2": 0,
    "w": 1350,
    "h": 1080,
    "camera_angle_x": 1.4428692492187012,
    "camera_angle_y": 1.2262461230200543,
    "scene_scale": 0.012801964570451081,
    "dist_ftype": "png",
    "distmap": "dense",
    "rgb_mask": "rgb_mask.png",
    "scene_T": [
        [
            1.0,
            0.0,
            0.0,
            -68.66319647323544
        ],
        [
            0.0,
            1.0,
            0.0,
            -193.48007881730572
        ],
        [
            0.0,
            0.0,
            1.0,
            39.02912424780177
        ],
        [
            0.0,
            0.0,
            0.0,
            1.0
        ]
    ],
    "distmap_scale": 3.141592653589793,
    "frames": [
        {
            "file_path": "images/0_color.png",
            "distmap_path": "distmaps/0_color.png",
            "near": 0.1452122334280337,
            "far": 1.4422435243738687,
            "transform_matrix": [
                [
                    0.638055,
                    -0.764806,
                    0.0892016,
                    0.03390348792144042
                ],
                [
                    -0.072363,
                    0.0557747,
                    0.995817,
                    0.290885229953434
                ],
                [
                    -0.766582,
                    -0.641842,
                    -0.0197563,
                    -0.018476765045032907
                ],
                [
                    0.0,
                    0.0,
                    0.0,
                    1.0
                ]
            ]
        },
        {
            "file_path": "images/5_color.png",
            "distmap_path": "distmaps/5_color.png",
            "near": 0.14438799195864424,
            "far": 1.4407218376765725,
            "transform_matrix": [
                [
                    0.638307,
                    -0.764414,
                    0.0907485,
                    0.03350406662684237
                ],
                [
                    -0.0738102,
                    0.0565681,
                    0.995667,
                    0.30750217996587953
                ],
                [
                    -0.766235,
                    -0.642239,
                    -0.0203137,
                    -0.014494073867165534
                ],
                [
                    0.0,
                    0.0,
                    0.0,
                    1.0
                ]
            ]
        },
        {
            "file_path": "images/10_color.png",
            "distmap_path": "distmaps/10_color.png",
            "near": 0.14205455792659982,
            "far": 1.4392047560307015,
            "transform_matrix": [
                [
                    0.638414,
                    -0.764181,
                    0.0919487,
                    0.03296126332905523
                ],
                [
                    -0.0747765,
                    0.0573176,
                    0.995552,
                    0.32153313313509396
                ],
                [
                    -0.766052,
                    -0.64245,
                    -0.0205503,
                    -0.00937712862835629
                ],
                [
                    0.0,
                    0.0,
                    0.0,
                    1.0
                ]
            ]
        },
        {
            "file_path": "images/15_color.png",
            "distmap_path": "distmaps/15_color.png",
            "near": 0.14083122789575683,
            "far": 1.4381020550711894,
            "transform_matrix": [
                [
                    0.63865,
                    -0.763844,
                    0.0931062,
                    0.033012471187337106
                ],
                [
                    -0.0758194,
                    0.0579428,
                    0.995436,
                    0.3348343743237925
                ],
                [
                    -0.765753,
                    -0.642795,
                    -0.020909,
                    -0.0061177484487194
                ],
                [
                    0.0,
                    0.0,
                    0.0,
                    1.0
                ]
            ]
        },
        {
            "file_path": "images/20_color.png",
            "distmap_path": "distmaps/20_color.png",
            "near": 0.14149916665873227,
            "far": 1.4373417941162958,
            "transform_matrix": [
                [
                    0.638725,
                    -0.763662,
                    0.0940754,
                    0.03355655468158132
                ],
                [
                    -0.0766402,
                    0.0585139,
                    0.99534,
                    0.34371893773568574
                ],
                [
                    -0.765608,
                    -0.642959,
                    -0.0211529,
                    -0.003941414471742786
                ],
                [
                    0.0,
                    0.0,
                    0.0,
                    1.0
                ]
            ]
        },
        {
            "file_path": "images/30_color.png",
            "distmap_path": "distmaps/30_color.png",
            "near": 0.14284950536328422,
            "far": 1.4361900287319334,
            "transform_matrix": [
                [
                    0.638715,
                    -0.763536,
                    0.0951627,
                    0.034603755383444235
                ],
                [
                    -0.0774425,
                    0.0592576,
                    0.995234,
                    0.3538452917109125
                ],
                [
                    -0.765536,
                    -0.643041,
                    -0.0212815,
                    0.00032804071250265994
                ],
                [
                    0.0,
                    0.0,
                    0.0,
                    1.0
                ]
            ]
        },
        {
            "file_path": "images/35_color.png",
            "distmap_path": "distmaps/35_color.png",
            "near": 0.14260495268696452,
            "far": 1.4362871492589873,
            "transform_matrix": [
                [
                    0.638834,
                    -0.763424,
                    0.0952634,
                    0.03415312623056432
                ],
                [
                    -0.0776111,
                    0.0592431,
                    0.995222,
                    0.3555351510342121
                ],
                [
                    -0.76542,
                    -0.643175,
                    -0.0214037,
                    -0.00022756454985489562
                ],
                [
                    0.0,
                    0.0,
                    0.0,
                    1.0
                ]
            ]
        },
        {
            "file_path": "images/40_color.png",
            "distmap_path": "distmaps/40_color.png",
            "near": 0.1429193744373633,
            "far": 1.4362004395890635,
            "transform_matrix": [
                [
                    0.638753,
                    -0.763457,
                    0.0955455,
                    0.03453718516767786
                ],
                [
                    -0.0777696,
                    0.0594806,
                    0.995195,
                    0.3559576158650368
                ],
                [
                    -0.765472,
                    -0.643114,
                    -0.0213805,
                    0.00016161517308681988
                ],
                [
                    0.0,
                    0.0,
                    0.0,
                    1.0
                ]
            ]
        },
        {
            "file_path": "images/45_color.png",
            "distmap_path": "distmaps/45_color.png",
            "near": 0.1418363819550516,
            "far": 1.4364682548437928,
            "transform_matrix": [
                [
                    0.638744,
                    -0.763363,
                    0.0963467,
                    0.03344261719690417
                ],
                [
                    -0.0783666,
                    0.0600235,
                    0.995116,
                    0.3562392590855867
                ],
                [
                    -0.765418,
                    -0.643175,
                    -0.0214825,
                    6.047965298026463e-05
                ],
                [
                    0.0,
                    0.0,
                    0.0,
                    1.0
                ]
            ]
        },
        {
            "file_path": "images/55_color.png",
            "distmap_path": "distmaps/55_color.png",
            "near": 0.14162771773677285,
            "far": 1.4368693894020377,
            "transform_matrix": [
                [
                    0.638208,
                    -0.763438,
                    0.0992624,
                    0.03357191703906583
                ],
                [
                    -0.0801568,
                    0.0623396,
                    0.994831,
                    0.35489505280568945
                ],
                [
                    -0.76568,
                    -0.642865,
                    -0.0214091,
                    0.0009578973693688406
                ],
                [
                    0.0,
                    0.0,
                    0.0,
                    1.0
                ]
            ]
        },
        {
            "file_path": "images/60_color.png",
            "distmap_path": "distmaps/60_color.png",
            "near": 0.14150904683327503,
            "far": 1.4373219235752974,
            "transform_matrix": [
                [
                    0.637861,
                    -0.763395,
                    0.101792,
                    0.03361800411151935
                ],
                [
                    -0.0818012,
                    0.0642679,
                    0.994574,
                    0.3544725879748647
                ],
                [
                    -0.765795,
                    -0.642727,
                    -0.0214528,
                    0.0009694191374822652
                ],
                [
                    0.0,
                    0.0,
                    0.0,
                    1.0
                ]
            ]
        },
        {
            "file_path": "images/65_color.png",
            "distmap_path": "distmaps/65_color.png",
            "near": 0.14064977449508273,
            "far": 1.4379566138373925,
            "transform_matrix": [
                [
                    0.637532,
                    -0.763315,
                    0.10442,
                    0.032917736649515715
                ],
                [
                    -0.083499,
                    0.0662782,
                    0.994301,
                    0.3536404602777854
                ],
                [
                    -0.765886,
                    -0.642618,
                    -0.0214817,
                    0.0007940322228670848
                ],
                [
                    0.0,
                    0.0,
                    0.0,
                    1.0
                ]
            ]
        },
        {
            "file_path": "images/70_color.png",
            "distmap_path": "distmaps/70_color.png",
            "near": 0.14037975188602256,
            "far": 1.4386126706453197,
            "transform_matrix": [
                [
                    0.636996,
                    -0.763279,
                    0.107897,
                    0.03291005547077355
                ],
                [
                    -0.0856818,
                    0.0689961,
                    0.993931,
                    0.3527827286515651
                ],
                [
                    -0.766091,
                    -0.642374,
                    -0.021449,
                    0.0012164970536919866
                ],
                [
                    0.0,
                    0.0,
                    0.0,
                    1.0
                ]
            ]
        },
        {
            "file_path": "images/80_color.png",
            "distmap_path": "distmaps/80_color.png",
            "near": 0.13956692640266394,
            "far": 1.440251571961553,
            "transform_matrix": [
                [
                    0.635669,
                    -0.763223,
                    0.115828,
                    0.03278459621798315
                ],
                [
                    -0.0906335,
                    0.0752183,
                    0.99304,
                    0.34985107876493166
                ],
                [
                    -0.766623,
                    -0.641743,
                    -0.0213595,
                    0.0019602911952352345
                ],
                [
                    0.0,
                    0.0,
                    0.0,
                    1.0
                ]
            ]
        },
        {
            "file_path": "images/85_color.png",
            "distmap_path": "distmaps/85_color.png",
            "near": 0.1391696316139205,
            "far": 1.4411249655489413,
            "transform_matrix": [
                [
                    0.634896,
                    -0.763152,
                    0.120436,
                    0.03279611798609639
                ],
                [
                    -0.0935194,
                    0.0788265,
                    0.992492,
                    0.34853247641417545
                ],
                [
                    -0.766916,
                    -0.641393,
                    -0.0213228,
                    0.0028065010533420347
                ],
                [
                    0.0,
                    0.0,
                    0.0,
                    1.0
                ]
            ]
        },
        {
            "file_path": "images/90_color.png",
            "distmap_path": "distmaps/90_color.png",
            "near": 0.13790041304760936,
            "far": 1.4426823813174983,
            "transform_matrix": [
                [
                    0.634036,
                    -0.762925,
                    0.126267,
                    0.03181164691062877
                ],
                [
                    -0.0973041,
                    0.0832749,
                    0.991765,
                    0.3475339231776802
                ],
                [
                    -0.767157,
                    -0.641101,
                    -0.0214365,
                    0.002687442782836799
                ],
                [
                    0.0,
                    0.0,
                    0.0,
                    1.0
                ]
            ]
        },
        {
            "file_path": "images/95_color.png",
            "distmap_path": "distmaps/95_color.png",
            "near": 0.13699985023168432,
            "far": 1.4439415423122373,
            "transform_matrix": [
                [
                    0.633149,
                    -0.762743,
                    0.131703,
                    0.03128676636324031
                ],
                [
                    -0.10071,
                    0.0875269,
                    0.991058,
                    0.3461513110040714
                ],
                [
                    -0.76745,
                    -0.640751,
                    -0.0213983,
                    0.0031073472207476163
                ],
                [
                    0.0,
                    0.0,
                    0.0,
                    1.0
                ]
            ]
        },
        {
            "file_path": "images/105_color.png",
            "distmap_path": "distmaps/105_color.png",
            "near": 0.1354636768034744,
            "far": 1.4481242424613217,
            "transform_matrix": [
                [
                    0.630873,
                    -0.762268,
                    0.14473,
                    0.03070811756465582
                ],
                [
                    -0.108897,
                    0.0976984,
                    0.98924,
                    0.3422851177037953
                ],
                [
                    -0.768206,
                    -0.639845,
                    -0.0213736,
                    0.004359379355737725
                ],
                [
                    0.0,
                    0.0,
                    0.0,
                    1.0
                ]
            ]
        },
        {
            "file_path": "images/110_color.png",
            "distmap_path": "distmaps/110_color.png",
            "near": 0.1346823577443723,
            "far": 1.4507168692832377,
            "transform_matrix": [
                [
                    0.629472,
                    -0.762036,
                    0.151877,
                    0.0304431168980476
                ],
                [
                    -0.113315,
                    0.103345,
                    0.98817,
                    0.3408384957073343
                ],
                [
                    -0.768717,
                    -0.639235,
                    -0.0212973,
                    0.005560203632446057
                ],
                [
                    0.0,
                    0.0,
                    0.0,
                    1.0
                ]
            ]
        },
        {
            "file_path": "images/115_color.png",
            "distmap_path": "distmaps/115_color.png",
            "near": 0.1337917034024852,
            "far": 1.453535327267908,
            "transform_matrix": [
                [
                    0.628147,
                    -0.761641,
                    0.159164,
                    0.030009130299109274
                ],
                [
                    -0.117941,
                    0.108993,
                    0.987021,
                    0.33928945799430965
                ],
                [
                    -0.769104,
                    -0.638767,
                    -0.0213648,
                    0.006222065200738336
                ],
                [
                    0.0,
                    0.0,
                    0.0,
                    1.0
                ]
            ]
        },
        {
            "file_path": "images/120_color.png",
            "distmap_path": "distmaps/120_color.png",
            "near": 0.13321566736667131,
            "far": 1.4560634320195556,
            "transform_matrix": [
                [
                    0.626893,
                    -0.761269,
                    0.165757,
                    0.029832463188037006
                ],
                [
                    -0.122138,
                    0.114096,
                    0.985933,
                    0.33797085564355306
                ],
                [
                    -0.769472,
                    -0.63832,
                    -0.0214533,
                    0.0068621634292609455
                ],
                [
                    0.0,
                    0.0,
                    0.0,
                    1.0
                ]
            ]
        },
        {
            "file_path": "images/130_color.png",
            "distmap_path": "distmaps/130_color.png",
            "near": 0.1318515607738143,
            "far": 1.4608869719284892,
            "transform_matrix": [
                [
                    0.624565,
                    -0.760532,
                    0.177511,
                    0.02915523926226022
                ],
                [
                    -0.129568,
                    0.123237,
                    0.983882,
                    0.3355512843397379
                ],
                [
                    -0.77015,
                    -0.637498,
                    -0.021571,
                    0.008110354974879882
                ],
                [
                    0.0,
                    0.0,
                    0.0,
                    1.0
                ]
            ]
        },
        {
            "file_path": "images/135_color.png",
            "distmap_path": "distmaps/135_color.png",
            "near": 0.1312327632564691,
            "far": 1.4632462085142848,
            "transform_matrix": [
                [
                    0.6235,
                    -0.760168,
                    0.182733,
                    0.028794223861373522
                ],
                [
                    -0.132851,
                    0.127314,
                    0.982925,
                    0.3343478996701156
                ],
                [
                    -0.770453,
                    -0.63713,
                    -0.0216087,
                    0.008119316350079222
                ],
                [
                    0.0,
                    0.0,
                    0.0,
                    1.0
                ]
            ]
        },
        {
            "file_path": "images/140_color.png",
            "distmap_path": "distmaps/140_color.png",
            "near": 0.13070003060033175,
            "far": 1.465330649547388,
            "transform_matrix": [
                [
                    0.622513,
                    -0.759817,
                    0.187496,
                    0.028554827123905963
                ],
                [
                    -0.135817,
                    0.131056,
                    0.982027,
                    0.3330805051776407
                ],
                [
                    -0.770734,
                    -0.63679,
                    -0.0216114,
                    0.00889895599241965
                ],
                [
                    0.0,
                    0.0,
                    0.0,
                    1.0
                ]
            ]
        },
        {
            "file_path": "images/145_color.png",
            "distmap_path": "distmaps/145_color.png",
            "near": 0.13004231620627338,
            "far": 1.4672980075793784,
            "transform_matrix": [
                [
                    0.621665,
                    -0.759459,
                    0.191715,
                    0.028067072273771778
                ],
                [
                    -0.138515,
                    0.13431,
                    0.981211,
                    0.33292688160279527
                ],
                [
                    -0.770939,
                    -0.636539,
                    -0.0217006,
                    0.009131951747601863
                ],
                [
                    0.0,
                    0.0,
                    0.0,
                    1.0
                ]
            ]
        },
        {
            "file_path": "images/155_color.png",
            "distmap_path": "distmaps/155_color.png",
            "near": 0.12975824041849496,
            "far": 1.4700726221110336,
            "transform_matrix": [
                [
                    0.62019,
                    -0.759032,
                    0.198076,
                    0.028163087008050255
                ],
                [
                    -0.142415,
                    0.139361,
                    0.979947,
                    0.33105779477550956
                ],
                [
                    -0.771416,
                    -0.635962,
                    -0.0216669,
                    0.009750286636354709
                ],
                [
                    0.0,
                    0.0,
                    0.0,
                    1.0
                ]
            ]
        },
        {
            "file_path": "images/160_color.png",
            "distmap_path": "distmaps/160_color.png",
            "near": 0.1297931211326288,
            "far": 1.4710984401805314,
            "transform_matrix": [
                [
                    0.619666,
                    -0.758822,
                    0.200508,
                    0.028352556083692852
                ],
                [
                    -0.143971,
                    0.141236,
                    0.979451,
                    0.3307249436966777
                ],
                [
                    -0.771548,
                    -0.6358,
                    -0.021729,
                    0.010108741644327323
                ],
                [
                    0.0,
                    0.0,
                    0.0,
                    1.0
                ]
            ]
        },
        {
            "file_path": "images/165_color.png",
            "distmap_path": "distmaps/165_color.png",
            "near": 0.12961891684785815,
            "far": 1.4721375685923186,
            "transform_matrix": [
                [
                    0.619118,
                    -0.758633,
                    0.202901,
                    0.02832311156518093
                ],
                [
                    -0.145475,
                    0.143106,
                    0.978957,
                    0.3303792906532757
                ],
                [
                    -0.771706,
                    -0.635607,
                    -0.0217623,
                    0.010809009106330958
                ],
                [
                    0.0,
                    0.0,
                    0.0,
                    1.0
                ]
            ]
        },
        {
            "file_path": "images/170_color.png",
            "distmap_path": "distmaps/170_color.png",
            "near": 0.12928930221956922,
            "far": 1.4729330774156986,
            "transform_matrix": [
                [
                    0.618814,
                    -0.758492,
                    0.204353,
                    0.028063231684400697
                ],
                [
                    -0.146359,
                    0.144263,
                    0.978656,
                    0.32994402385788013
                ],
                [
                    -0.771783,
                    -0.635514,
                    -0.0217406,
                    0.010830772446100718
                ],
                [
                    0.0,
                    0.0,
                    0.0,
                    1.0
                ]
            ]
        },
        {
            "file_path": "images/180_color.png",
            "distmap_path": "distmaps/180_color.png",
            "near": 0.1293457048302277,
            "far": 1.473647455153794,
            "transform_matrix": [
                [
                    0.618419,
                    -0.758331,
                    0.206137,
                    0.02820149290176161
                ],
                [
                    -0.147515,
                    0.145628,
                    0.97828,
                    0.32984160814131674
                ],
                [
                    -0.771879,
                    -0.635395,
                    -0.0218064,
                    0.011039444468599086
                ],
                [
                    0.0,
                    0.0,
                    0.0,
                    1.0
                ]
            ]
        },
        {
            "file_path": "images/185_color.png",
            "distmap_path": "distmaps/185_color.png",
            "near": 0.12949891162937605,
            "far": 1.473647455153794,
            "transform_matrix": [
                [
                    0.61837,
                    -0.758332,
                    0.206277,
                    0.02838968178094712
                ],
                [
                    -0.147584,
                    0.145752,
                    0.978251,
                    0.32976479635389405
                ],
                [
                    -0.771905,
                    -0.635365,
                    -0.0217886,
                    0.011200749222186756
                ],
                [
                    0.0,
                    0.0,
                    0.0,
                    1.0
                ]
            ]
        },
        {
            "file_path": "images/190_color.png",
            "distmap_path": "distmaps/190_color.png",
            "near": 0.12899658803618821,
            "far": 1.473844724101224,
            "transform_matrix": [
                [
                    0.618411,
                    -0.758306,
                    0.206253,
                    0.027821274554019143
                ],
                [
                    -0.147624,
                    0.145688,
                    0.978255,
                    0.3298800140350279
                ],
                [
                    -0.771865,
                    -0.635411,
                    -0.0218487,
                    0.010803888320502789
                ],
                [
                    0.0,
                    0.0,
                    0.0,
                    1.0
                ]
            ]
        },
        {
            "file_path": "images/195_color.png",
            "distmap_path": "distmaps/195_color.png",
            "near": 0.12937454166279957,
            "far": 1.4737928682969874,
            "transform_matrix": [
                [
                    0.618381,
                    -0.758321,
                    0.206289,
                    0.028245019581301132
                ],
                [
                    -0.147607,
                    0.145749,
                    0.978248,
                    0.32976479635389405
                ],
                [
                    -0.771892,
                    -0.63538,
                    -0.0218046,
                    0.01106888898711119
                ],
                [
                    0.0,
                    0.0,
                    0.0,
                    1.0
                ]
            ]
        },
        {
            "file_path": "images/205_color.png",
            "distmap_path": "distmaps/205_color.png",
            "near": 0.1292758727437727,
            "far": 1.4737928682969874,
            "transform_matrix": [
                [
                    0.618412,
                    -0.758305,
                    0.206254,
                    0.028118280132053645
                ],
                [
                    -0.14761,
                    0.145701,
                    0.978255,
                    0.32980320224760523
                ],
                [
                    -0.771867,
                    -0.635409,
                    -0.0218302,
                    0.010723235943708997
                ],
                [
                    0.0,
                    0.0,
                    0.0,
                    1.0
                ]
            ]
        },
        {
            "file_path": "images/210_color.png",
            "distmap_path": "distmaps/210_color.png",
            "near": 0.12917687411922393,
            "far": 1.4737928682969874,
            "transform_matrix": [
                [
                    0.618392,
                    -0.75833,
                    0.206219,
                    0.028036347558802768
                ],
                [
                    -0.147559,
                    0.145697,
                    0.978263,
                    0.3297904002830351
                ],
                [
                    -0.771892,
                    -0.63538,
                    -0.0218004,
                    0.011139299792248644
                ],
                [
                    0.0,
                    0.0,
                    0.0,
                    1.0
                ]
            ]
        }
    ]
}