{
    "camera_model": "FISHEYE_OPENCV",
    "fx": 767.3861511125845,
    "fy": 767.5058656118406,
    "cx": 679.054265997005,
    "cy": 543.646891684636,
    "k1": -0.18867185058223412,
    "k2": -0.003927337093919806,
    "k3": 0.030524814153620117,
    "k4": -0.012756926010904904,
    "p1": 0,
    "p2": 0,
    "w": 1350,
    "h": 1080,
    "camera_angle_x": 1.4428692492187012,
    "camera_angle_y": 1.2262461230200543,
    "scene_scale": 0.011549144775753733,
    "dist_ftype": "png",
    "distmap": "dense",
    "rgb_mask": "rgb_mask.png",
    "scene_T": [
        [
            1.0,
            0.0,
            0.0,
            -74.86779817013502
        ],
        [
            0.0,
            1.0,
            0.0,
            -188.64602337868808
        ],
        [
            0.0,
            0.0,
            1.0,
            43.500204685253124
        ],
        [
            0.0,
            0.0,
            0.0,
            1.0
        ]
    ],
    "distmap_scale": 3.141592653589793,
    "frames": [
        {
            "file_path": "images/0_color.png",
            "distmap_path": "distmaps/0_color.png",
            "near": 0.12849323609517144,
            "far": 0.9470599613919994,
            "transform_matrix": [
                [
                    0.36003,
                    -0.932907,
                    -0.00787269,
                    -0.023395081438868714
                ],
                [
                    -0.931668,
                    -0.359086,
                    -0.0552484,
                    0.06835911792383297
                ],
                [
                    0.0487147,
                    0.0272258,
                    -0.998442,
                    -0.4078106421514958
                ],
                [
                    0.0,
                    0.0,
                    0.0,
                    1.0
                ]
            ]
        },
        {
            "file_path": "images/5_color.png",
            "distmap_path": "distmaps/5_color.png",
            "near": 0.12865077812149098,
            "far": 0.9471836579634878,
            "transform_matrix": [
                [
                    0.360006,
                    -0.932917,
                    -0.00784083,
                    -0.02325649170155966
                ],
                [
                    -0.931676,
                    -0.359063,
                    -0.0552623,
                    0.0684515110820391
                ],
                [
                    0.0487397,
                    0.0271998,
                    -0.998441,
                    -0.4079399925729843
                ],
                [
                    0.0,
                    0.0,
                    0.0,
                    1.0
                ]
            ]
        },
        {
            "file_path": "images/10_color.png",
            "distmap_path": "distmaps/10_color.png",
            "near": 0.1287137949320188,
            "far": 0.9459363481093334,
            "transform_matrix": [
                [
                    0.360089,
                    -0.932883,
                    -0.0080995,
                    -0.023347729945288193
                ],
                [
                    -0.931677,
                    -0.359148,
                    -0.0546862,
                    0.06774701325071804
                ],
                [
                    0.0481069,
                    0.027238,
                    -0.998471,
                    -0.4067920075822743
                ],
                [
                    0.0,
                    0.0,
                    0.0,
                    1.0
                ]
            ]
        },
        {
            "file_path": "images/15_color.png",
            "distmap_path": "distmaps/15_color.png",
            "near": 0.12953302331525707,
            "far": 0.9443296712211594,
            "transform_matrix": [
                [
                    0.360012,
                    -0.932913,
                    -0.00803142,
                    -0.02291925667410762
                ],
                [
                    -0.93176,
                    -0.359107,
                    -0.0535278,
                    0.06730814574923927
                ],
                [
                    0.0470527,
                    0.026754,
                    -0.998534,
                    -0.40465772562771507
                ],
                [
                    0.0,
                    0.0,
                    0.0,
                    1.0
                ]
            ]
        },
        {
            "file_path": "images/20_color.png",
            "distmap_path": "distmaps/20_color.png",
            "near": 0.13073037225441553,
            "far": 0.9424760430534774,
            "transform_matrix": [
                [
                    0.359834,
                    -0.932981,
                    -0.00807906,
                    -0.022496557975315114
                ],
                [
                    -0.931929,
                    -0.358984,
                    -0.0513654,
                    0.06701941712984569
                ],
                [
                    0.0450227,
                    0.0260122,
                    -0.998647,
                    -0.4013835430837889
                ],
                [
                    0.0,
                    0.0,
                    0.0,
                    1.0
                ]
            ]
        },
        {
            "file_path": "images/30_color.png",
            "distmap_path": "distmaps/30_color.png",
            "near": 0.13366070317584225,
            "far": 0.9376636422245711,
            "transform_matrix": [
                [
                    0.359345,
                    -0.933168,
                    -0.00826337,
                    -0.02157955588012019
                ],
                [
                    -0.932386,
                    -0.358644,
                    -0.0450643,
                    0.0661878787059914
                ],
                [
                    0.039089,
                    0.0238983,
                    -0.99895,
                    -0.39183355526871816
                ],
                [
                    0.0,
                    0.0,
                    0.0,
                    1.0
                ]
            ]
        },
        {
            "file_path": "images/35_color.png",
            "distmap_path": "distmaps/35_color.png",
            "near": 0.1351416080696226,
            "far": 0.9331673369050447,
            "transform_matrix": [
                [
                    0.359092,
                    -0.933263,
                    -0.00856717,
                    -0.020514724731795796
                ],
                [
                    -0.932664,
                    -0.358492,
                    -0.0402591,
                    0.06479043218812508
                ],
                [
                    0.034501,
                    0.022447,
                    -0.999152,
                    -0.3844340182108928
                ],
                [
                    0.0,
                    0.0,
                    0.0,
                    1.0
                ]
            ]
        },
        {
            "file_path": "images/40_color.png",
            "distmap_path": "distmaps/40_color.png",
            "near": 0.1351100996643587,
            "far": 0.9304312647915842,
            "transform_matrix": [
                [
                    0.35887,
                    -0.933346,
                    -0.0088399,
                    -0.02007008265792929
                ],
                [
                    -0.932903,
                    -0.358363,
                    -0.0356065,
                    0.06358932113144654
                ],
                [
                    0.0300653,
                    0.0210249,
                    -0.999327,
                    -0.377834836886027
                ],
                [
                    0.0,
                    0.0,
                    0.0,
                    1.0
                ]
            ]
        },
        {
            "file_path": "images/45_color.png",
            "distmap_path": "distmaps/45_color.png",
            "near": 0.13507859125909477,
            "far": 0.9292778161466153,
            "transform_matrix": [
                [
                    0.358591,
                    -0.933448,
                    -0.00938872,
                    -0.01898215322005328
                ],
                [
                    -0.933157,
                    -0.358173,
                    -0.0305009,
                    0.06241130836431994
                ],
                [
                    0.0251082,
                    0.0196985,
                    -0.999491,
                    -0.3696799857598674
                ],
                [
                    0.0,
                    0.0,
                    0.0,
                    1.0
                ]
            ]
        },
        {
            "file_path": "images/55_color.png",
            "distmap_path": "distmaps/55_color.png",
            "near": 0.12937680381994227,
            "far": 0.9235297251725257,
            "transform_matrix": [
                [
                    0.357839,
                    -0.933732,
                    -0.00982393,
                    -0.016112190743278396
                ],
                [
                    -0.933716,
                    -0.357666,
                    -0.0157994,
                    0.05885417177338755
                ],
                [
                    0.0112387,
                    0.0148263,
                    -0.999827,
                    -0.34700093016371975
                ],
                [
                    0.0,
                    0.0,
                    0.0,
                    1.0
                ]
            ]
        },
        {
            "file_path": "images/60_color.png",
            "distmap_path": "distmaps/60_color.png",
            "near": 0.12325733213086508,
            "far": 0.9210733765447293,
            "transform_matrix": [
                [
                    0.357451,
                    -0.933877,
                    -0.0101048,
                    -0.014594633119744363
                ],
                [
                    -0.933918,
                    -0.357367,
                    -0.00924013,
                    0.057780101309242576
                ],
                [
                    0.00501802,
                    0.0127399,
                    -0.999906,
                    -0.3375086880725277
                ],
                [
                    0.0,
                    0.0,
                    0.0,
                    1.0
                ]
            ]
        },
        {
            "file_path": "images/65_color.png",
            "distmap_path": "distmaps/65_color.png",
            "near": 0.1140365518111256,
            "far": 0.9178053418618636,
            "transform_matrix": [
                [
                    0.357158,
                    -0.933984,
                    -0.0106287,
                    -0.013339241082619944
                ],
                [
                    -0.934038,
                    -0.357174,
                    -0.000368301,
                    0.05543562491976453
                ],
                [
                    -0.00345232,
                    0.0100592,
                    -0.999943,
                    -0.32362546113759416
                ],
                [
                    0.0,
                    0.0,
                    0.0,
                    1.0
                ]
            ]
        },
        {
            "file_path": "images/70_color.png",
            "distmap_path": "distmaps/70_color.png",
            "near": 0.10459556027342501,
            "far": 0.9174237964503449,
            "transform_matrix": [
                [
                    0.35693,
                    -0.934063,
                    -0.0112508,
                    -0.011620728339987854
                ],
                [
                    -0.934035,
                    -0.357041,
                    0.0100709,
                    0.05205172550046862
                ],
                [
                    -0.0134239,
                    0.00691403,
                    -0.999886,
                    -0.30716908474662274
                ],
                [
                    0.0,
                    0.0,
                    0.0,
                    1.0
                ]
            ]
        },
        {
            "file_path": "images/80_color.png",
            "distmap_path": "distmaps/80_color.png",
            "near": 0.09603251064559382,
            "far": 0.923574558677229,
            "transform_matrix": [
                [
                    0.356457,
                    -0.934237,
                    -0.0118395,
                    -0.008908989146640798
                ],
                [
                    -0.933766,
                    -0.356653,
                    0.0296703,
                    0.04728192870808253
                ],
                [
                    -0.0319417,
                    0.000479095,
                    -0.99949,
                    -0.2790134246978127
                ],
                [
                    0.0,
                    0.0,
                    0.0,
                    1.0
                ]
            ]
        },
        {
            "file_path": "images/85_color.png",
            "distmap_path": "distmaps/85_color.png",
            "near": 0.0925679521177339,
            "far": 0.9256218561649848,
            "transform_matrix": [
                [
                    0.356364,
                    -0.93426,
                    -0.0127258,
                    -0.0070403375219238494
                ],
                [
                    -0.93335,
                    -0.35658,
                    0.0413239,
                    0.04378253784102918
                ],
                [
                    -0.0431451,
                    -0.00284883,
                    -0.999065,
                    -0.2610764479465896
                ],
                [
                    0.0,
                    0.0,
                    0.0,
                    1.0
                ]
            ]
        },
        {
            "file_path": "images/90_color.png",
            "distmap_path": "distmaps/90_color.png",
            "near": 0.09815017904632518,
            "far": 0.92553620128177,
            "transform_matrix": [
                [
                    0.356406,
                    -0.934243,
                    -0.0128533,
                    -0.0062353621310538435
                ],
                [
                    -0.932756,
                    -0.35657,
                    0.0531518,
                    0.04012145894711516
                ],
                [
                    -0.0542398,
                    -0.00695471,
                    -0.998504,
                    -0.24357256412445716
                ],
                [
                    0.0,
                    0.0,
                    0.0,
                    1.0
                ]
            ]
        },
        {
            "file_path": "images/95_color.png",
            "distmap_path": "distmaps/95_color.png",
            "near": 0.10356727414201536,
            "far": 0.9302567576845506,
            "transform_matrix": [
                [
                    0.356307,
                    -0.93427,
                    -0.0136366,
                    -0.003923223346948002
                ],
                [
                    -0.93199,
                    -0.356402,
                    0.0661196,
                    0.037407409924812875
                ],
                [
                    -0.0666336,
                    -0.0108497,
                    -0.997719,
                    -0.2255616728466692
                ],
                [
                    0.0,
                    0.0,
                    0.0,
                    1.0
                ]
            ]
        },
        {
            "file_path": "images/105_color.png",
            "distmap_path": "distmaps/105_color.png",
            "near": 0.1233887956714051,
            "far": 1.0120810390582164,
            "transform_matrix": [
                [
                    0.35688,
                    -0.934035,
                    -0.0146506,
                    -0.0015637330692614734
                ],
                [
                    -0.929785,
                    -0.356683,
                    0.0909757,
                    0.029242164568355062
                ],
                [
                    -0.0902001,
                    -0.0188454,
                    -0.995745,
                    -0.1895491296069139
                ],
                [
                    0.0,
                    0.0,
                    0.0,
                    1.0
                ]
            ]
        },
        {
            "file_path": "images/110_color.png",
            "distmap_path": "distmaps/110_color.png",
            "near": 0.13022622792381636,
            "far": 1.0940665920259751,
            "transform_matrix": [
                [
                    0.357248,
                    -0.933886,
                    -0.0152071,
                    0.00021599014068217316
                ],
                [
                    -0.928402,
                    -0.356837,
                    0.103621,
                    0.025107570738635177
                ],
                [
                    -0.102197,
                    -0.0229002,
                    -0.994501,
                    -0.17127145308480604
                ],
                [
                    0.0,
                    0.0,
                    0.0,
                    1.0
                ]
            ]
        },
        {
            "file_path": "images/115_color.png",
            "distmap_path": "distmaps/115_color.png",
            "near": 0.12856964802751691,
            "far": 1.1816841940959042,
            "transform_matrix": [
                [
                    0.357882,
                    -0.933635,
                    -0.0157156,
                    0.0005151129903742773
                ],
                [
                    -0.926827,
                    -0.35722,
                    0.115695,
                    0.02017608591938842
                ],
                [
                    -0.113631,
                    -0.0268396,
                    -0.99316,
                    -0.1525814720942038
                ],
                [
                    0.0,
                    0.0,
                    0.0,
                    1.0
                ]
            ]
        },
        {
            "file_path": "images/120_color.png",
            "distmap_path": "distmaps/120_color.png",
            "near": 0.13238759381460466,
            "far": 1.1895099063447332,
            "transform_matrix": [
                [
                    0.358381,
                    -0.933438,
                    -0.0160449,
                    0.000742631142456629
                ],
                [
                    -0.925552,
                    -0.357496,
                    0.124701,
                    0.017334996304552895
                ],
                [
                    -0.122137,
                    -0.0298401,
                    -0.992065,
                    -0.14127716918769606
                ],
                [
                    0.0,
                    0.0,
                    0.0,
                    1.0
                ]
            ]
        },
        {
            "file_path": "images/130_color.png",
            "distmap_path": "distmaps/130_color.png",
            "near": 0.12995022365824374,
            "far": 1.1704962981949583,
            "transform_matrix": [
                [
                    0.359482,
                    -0.933009,
                    -0.0163066,
                    0.0018709825870476418
                ],
                [
                    -0.922619,
                    -0.357989,
                    0.143592,
                    0.01123704786295502
                ],
                [
                    -0.13981,
                    -0.036574,
                    -0.989503,
                    -0.11505599088882476
                ],
                [
                    0.0,
                    0.0,
                    0.0,
                    1.0
                ]
            ]
        },
        {
            "file_path": "images/135_color.png",
            "distmap_path": "distmaps/135_color.png",
            "near": 0.12955563853202465,
            "far": 1.1628593754613679,
            "transform_matrix": [
                [
                    0.360012,
                    -0.932792,
                    -0.0170246,
                    0.002494636404938367
                ],
                [
                    -0.921299,
                    -0.358332,
                    0.151019,
                    0.008569195419755971
                ],
                [
                    -0.14697,
                    -0.0386839,
                    -0.988384,
                    -0.10501054476287419
                ],
                [
                    0.0,
                    0.0,
                    0.0,
                    1.0
                ]
            ]
        },
        {
            "file_path": "images/140_color.png",
            "distmap_path": "distmaps/140_color.png",
            "near": 0.12852474450043536,
            "far": 1.1552593705770566,
            "transform_matrix": [
                [
                    0.360755,
                    -0.932505,
                    -0.017012,
                    0.002157401377486323
                ],
                [
                    -0.919838,
                    -0.358751,
                    0.158734,
                    0.005266140013890387
                ],
                [
                    -0.154123,
                    -0.0416159,
                    -0.987175,
                    -0.0949373806894618
                ],
                [
                    0.0,
                    0.0,
                    0.0,
                    1.0
                ]
            ]
        },
        {
            "file_path": "images/145_color.png",
            "distmap_path": "distmaps/145_color.png",
            "near": 0.13082489747020726,
            "far": 1.1483877940044016,
            "transform_matrix": [
                [
                    0.361244,
                    -0.932309,
                    -0.017401,
                    0.0026620990041867753
                ],
                [
                    -0.918576,
                    -0.359008,
                    0.16532,
                    0.0029101144796365363
                ],
                [
                    -0.160376,
                    -0.0437367,
                    -0.986087,
                    -0.08561491102647335
                ],
                [
                    0.0,
                    0.0,
                    0.0,
                    1.0
                ]
            ]
        },
        {
            "file_path": "images/155_color.png",
            "distmap_path": "distmaps/155_color.png",
            "near": 0.12237525066024678,
            "far": 1.137385107430966,
            "transform_matrix": [
                [
                    0.362168,
                    -0.931941,
                    -0.0178999,
                    0.0030709387292485713
                ],
                [
                    -0.916311,
                    -0.359483,
                    0.176484,
                    -0.0007740627038287706
                ],
                [
                    -0.170907,
                    -0.0475149,
                    -0.984141,
                    -0.07024415424442272
                ],
                [
                    0.0,
                    0.0,
                    0.0,
                    1.0
                ]
            ]
        },
        {
            "file_path": "images/160_color.png",
            "distmap_path": "distmaps/160_color.png",
            "near": 0.11806636687997435,
            "far": 1.1315537421392894,
            "transform_matrix": [
                [
                    0.362697,
                    -0.931734,
                    -0.0179638,
                    0.0031991342362594263
                ],
                [
                    -0.915179,
                    -0.359756,
                    0.181723,
                    -0.002945301921670664
                ],
                [
                    -0.17578,
                    -0.0494703,
                    -0.983186,
                    -0.0628203639825682
                ],
                [
                    0.0,
                    0.0,
                    0.0,
                    1.0
                ]
            ]
        },
        {
            "file_path": "images/165_color.png",
            "distmap_path": "distmaps/165_color.png",
            "near": 0.11538985595302638,
            "far": 1.1278849665817818,
            "transform_matrix": [
                [
                    0.363082,
                    -0.931579,
                    -0.0181921,
                    0.003144853255813387
                ],
                [
                    -0.914335,
                    -0.359983,
                    0.185481,
                    -0.0043773958738640715
                ],
                [
                    -0.179339,
                    -0.0507111,
                    -0.98248,
                    -0.057865780873769826
                ],
                [
                    0.0,
                    0.0,
                    0.0,
                    1.0
                ]
            ]
        },
        {
            "file_path": "images/170_color.png",
            "distmap_path": "distmaps/170_color.png",
            "near": 0.11363854082161126,
            "far": 1.1261450206209807,
            "transform_matrix": [
                [
                    0.36346,
                    -0.931436,
                    -0.0180158,
                    0.0030732485582036346
                ],
                [
                    -0.913566,
                    -0.360141,
                    0.188932,
                    -0.005416818903681947
                ],
                [
                    -0.182467,
                    -0.0522107,
                    -0.981825,
                    -0.05445069876357949
                ],
                [
                    0.0,
                    0.0,
                    0.0,
                    1.0
                ]
            ]
        },
        {
            "file_path": "images/180_color.png",
            "distmap_path": "distmaps/180_color.png",
            "near": 0.11500192719138204,
            "far": 1.1339490837696269,
            "transform_matrix": [
                [
                    0.363716,
                    -0.931359,
                    -0.0167659,
                    0.003975236765190074
                ],
                [
                    -0.912959,
                    -0.359988,
                    0.192131,
                    -0.004331199294761164
                ],
                [
                    -0.184979,
                    -0.0545747,
                    -0.981226,
                    -0.05828732465808488
                ],
                [
                    0.0,
                    0.0,
                    0.0,
                    1.0
                ]
            ]
        },
        {
            "file_path": "images/185_color.png",
            "distmap_path": "distmaps/185_color.png",
            "near": 0.12092973554400038,
            "far": 1.1448825568275476,
            "transform_matrix": [
                [
                    0.363771,
                    -0.931369,
                    -0.0149228,
                    0.003875914120118577
                ],
                [
                    -0.913141,
                    -0.359724,
                    0.191758,
                    -0.001952075470955696
                ],
                [
                    -0.183966,
                    -0.0561295,
                    -0.981329,
                    -0.06929250471490062
                ],
                [
                    0.0,
                    0.0,
                    0.0,
                    1.0
                ]
            ]
        },
        {
            "file_path": "images/190_color.png",
            "distmap_path": "distmaps/190_color.png",
            "near": 0.12969529838164642,
            "far": 1.157129568812234,
            "transform_matrix": [
                [
                    0.363744,
                    -0.931418,
                    -0.0122924,
                    0.0037350145538542993
                ],
                [
                    -0.913535,
                    -0.359277,
                    0.190717,
                    0.001651257699079277
                ],
                [
                    -0.182054,
                    -0.0581428,
                    -0.981568,
                    -0.0845350659899404
                ],
                [
                    0.0,
                    0.0,
                    0.0,
                    1.0
                ]
            ]
        },
        {
            "file_path": "images/195_color.png",
            "distmap_path": "distmaps/195_color.png",
            "near": 0.12879843347182499,
            "far": 1.1717540841040004,
            "transform_matrix": [
                [
                    0.363749,
                    -0.931457,
                    -0.00865632,
                    0.0037142260932580733
                ],
                [
                    -0.914075,
                    -0.358719,
                    0.189177,
                    0.006247817319829547
                ],
                [
                    -0.179315,
                    -0.0609003,
                    -0.981905,
                    -0.10618162804313559
                ],
                [
                    0.0,
                    0.0,
                    0.0,
                    1.0
                ]
            ]
        },
        {
            "file_path": "images/205_color.png",
            "distmap_path": "distmaps/205_color.png",
            "near": 0.12541333434736918,
            "far": 1.1672863158074072,
            "transform_matrix": [
                [
                    0.363599,
                    -0.931555,
                    -0.000954621,
                    0.0038216331396725375
                ],
                [
                    -0.915287,
                    -0.357439,
                    0.185706,
                    0.016607400183680544
                ],
                [
                    -0.173337,
                    -0.0666489,
                    -0.982605,
                    -0.15267502016688742
                ],
                [
                    0.0,
                    0.0,
                    0.0,
                    1.0
                ]
            ]
        },
        {
            "file_path": "images/210_color.png",
            "distmap_path": "distmaps/210_color.png",
            "near": 0.13141410220687902,
            "far": 1.0641965468950139,
            "transform_matrix": [
                [
                    0.363492,
                    -0.931593,
                    0.00268086,
                    0.00465086173457161
                ],
                [
                    -0.915869,
                    -0.356827,
                    0.18401,
                    0.021469590134272777
                ],
                [
                    -0.170466,
                    -0.0693414,
                    -0.982921,
                    -0.1758749421924215
                ],
                [
                    0.0,
                    0.0,
                    0.0,
                    1.0
                ]
            ]
        },
        {
            "file_path": "images/215_color.png",
            "distmap_path": "distmaps/215_color.png",
            "near": 0.1281781421961557,
            "far": 0.9938660428758571,
            "transform_matrix": [
                [
                    0.363386,
                    -0.931622,
                    0.00552825,
                    0.004952294413218778
                ],
                [
                    -0.916327,
                    -0.356335,
                    0.182674,
                    0.025373201068477468
                ],
                [
                    -0.168213,
                    -0.0714468,
                    -0.983158,
                    -0.1929688313750146
                ],
                [
                    0.0,
                    0.0,
                    0.0,
                    1.0
                ]
            ]
        },
        {
            "file_path": "images/220_color.png",
            "distmap_path": "distmaps/220_color.png",
            "near": 0.12269560090922246,
            "far": 0.9281471127050189,
            "transform_matrix": [
                [
                    0.363387,
                    -0.931605,
                    0.00788783,
                    0.005056236716200565
                ],
                [
                    -0.916678,
                    -0.356027,
                    0.181509,
                    0.028144995814658468
                ],
                [
                    -0.166287,
                    -0.0731887,
                    -0.983358,
                    -0.2078037078394703
                ],
                [
                    0.0,
                    0.0,
                    0.0,
                    1.0
                ]
            ]
        },
        {
            "file_path": "images/230_color.png",
            "distmap_path": "distmaps/230_color.png",
            "near": 0.11733076192678944,
            "far": 0.9275261724314734,
            "transform_matrix": [
                [
                    0.363209,
                    -0.931651,
                    0.0103148,
                    0.005887775140054866
                ],
                [
                    -0.917082,
                    -0.355532,
                    0.180436,
                    0.03184072214289958
                ],
                [
                    -0.164436,
                    -0.0749954,
                    -0.983533,
                    -0.22242838986900726
                ],
                [
                    0.0,
                    0.0,
                    0.0,
                    1.0
                ]
            ]
        },
        {
            "file_path": "images/235_color.png",
            "distmap_path": "distmaps/235_color.png",
            "near": 0.1168266533914729,
            "far": 0.9278528102932659,
            "transform_matrix": [
                [
                    0.36316,
                    -0.931666,
                    0.01061,
                    0.006071406541989373
                ],
                [
                    -0.917142,
                    -0.355445,
                    0.180303,
                    0.03242972852646321
                ],
                [
                    -0.164211,
                    -0.0752096,
                    -0.983554,
                    -0.22446219426401748
                ],
                [
                    0.0,
                    0.0,
                    0.0,
                    1.0
                ]
            ]
        },
        {
            "file_path": "images/240_color.png",
            "distmap_path": "distmaps/240_color.png",
            "near": 0.11604890570801905,
            "far": 0.9271533651889237,
            "transform_matrix": [
                [
                    0.363211,
                    -0.931641,
                    0.0111118,
                    0.0060078862457227525
                ],
                [
                    -0.917196,
                    -0.355432,
                    0.180054,
                    0.03270690800108131
                ],
                [
                    -0.163796,
                    -0.0755891,
                    -0.983594,
                    -0.2276104911298879
                ],
                [
                    0.0,
                    0.0,
                    0.0,
                    1.0
                ]
            ]
        },
        {
            "file_path": "images/245_color.png",
            "distmap_path": "distmaps/245_color.png",
            "near": 0.1151567969450111,
            "far": 0.9260201175763987,
            "transform_matrix": [
                [
                    0.363289,
                    -0.9316,
                    0.0119479,
                    0.005737636257970006
                ],
                [
                    -0.917274,
                    -0.355397,
                    0.179726,
                    0.033203521226438465
                ],
                [
                    -0.163187,
                    -0.076252,
                    -0.983644,
                    -0.23253273663331417
                ],
                [
                    0.0,
                    0.0,
                    0.0,
                    1.0
                ]
            ]
        },
        {
            "file_path": "images/255_color.png",
            "distmap_path": "distmaps/255_color.png",
            "near": 0.10583834808723863,
            "far": 0.9222951000287312,
            "transform_matrix": [
                [
                    0.363389,
                    -0.931503,
                    0.0158158,
                    0.005444287980665971
                ],
                [
                    -0.91778,
                    -0.355015,
                    0.17789,
                    0.03695699327855863
                ],
                [
                    -0.16009,
                    -0.0791587,
                    -0.983923,
                    -0.2563389887595754
                ],
                [
                    0.0,
                    0.0,
                    0.0,
                    1.0
                ]
            ]
        },
        {
            "file_path": "images/260_color.png",
            "distmap_path": "distmaps/260_color.png",
            "near": 0.10265850198623867,
            "far": 0.9206852663249984,
            "transform_matrix": [
                [
                    0.363466,
                    -0.931423,
                    0.0185269,
                    0.004716691859793459
                ],
                [
                    -0.918133,
                    -0.354769,
                    0.176551,
                    0.0396941405904122
                ],
                [
                    -0.157871,
                    -0.0811804,
                    -0.984117,
                    -0.2726279025512984
                ],
                [
                    0.0,
                    0.0,
                    0.0,
                    1.0
                ]
            ]
        },
        {
            "file_path": "images/265_color.png",
            "distmap_path": "distmaps/265_color.png",
            "near": 0.10733740176671525,
            "far": 0.9167308495393514,
            "transform_matrix": [
                [
                    0.363637,
                    -0.931274,
                    0.0223112,
