{
    "camera_model": "FISHEYE_OPENCV",
    "fx": 767.3861511125845,
    "fy": 767.5058656118406,
    "cx": 679.054265997005,
    "cy": 543.646891684636,
    "k1": -0.18867185058223412,
    "k2": -0.003927337093919806,
    "k3": 0.030524814153620117,
    "k4": -0.012756926010904904,
    "p1": 0,
    "p2": 0,
    "w": 1350,
    "h": 1080,
    "camera_angle_x": 1.4428692492187012,
    "camera_angle_y": 1.2262461230200543,
    "scene_scale": 0.011256645998911219,
    "dist_ftype": "png",
    "distmap": "dense",
    "rgb_mask": "rgb_mask.png",
    "scene_T": [
        [
            1.0,
            0.0,
            0.0,
            -68.4784439582827
        ],
        [
            0.0,
            1.0,
            0.0,
            -195.93541868910452
        ],
        [
            0.0,
            0.0,
            1.0,
            38.10670258953369
        ],
        [
            0.0,
            0.0,
            0.0,
            1.0
        ]
    ],
    "distmap_scale": 3.141592653589793,
    "frames": [
        {
            "file_path": "images/0_color.png",
            "distmap_path": "distmaps/0_color.png",
            "near": 0.13316031490356053,
            "far": 1.446813877473437,
            "transform_matrix": [
                [
                    0.595687,
                    -0.70315,
                    -0.388249,
                    0.004517922881135965
                ],
                [
                    0.21754,
                    -0.324067,
                    0.920683,
                    0.27528782151433945
                ],
                [
                    -0.773197,
                    -0.632898,
                    -0.0400787,
                    -0.012634430319713933
                ],
                [
                    0.0,
                    0.0,
                    0.0,
                    1.0
                ]
            ]
        },
        {
            "file_path": "images/5_color.png",
            "distmap_path": "distmaps/5_color.png",
            "near": 0.1335024842791581,
            "far": 1.446087583645786,
            "transform_matrix": [
                [
                    0.595935,
                    -0.703343,
                    -0.387518,
                    0.004246637712562157
                ],
                [
                    0.216994,
                    -0.323575,
                    0.920985,
                    0.2753666180363319
                ],
                [
                    -0.77316,
                    -0.632936,
                    -0.0402087,
                    -0.012940611090884324
                ],
                [
                    0.0,
                    0.0,
                    0.0,
                    1.0
                ]
            ]
        },
        {
            "file_path": "images/10_color.png",
            "distmap_path": "distmaps/10_color.png",
            "near": 0.13286577290199963,
            "far": 1.445123320199647,
            "transform_matrix": [
                [
                    0.596136,
                    -0.703758,
                    -0.386453,
                    0.004441377688343387
                ],
                [
                    0.216333,
                    -0.322736,
                    0.921435,
                    0.274983892072369
                ],
                [
                    -0.77319,
                    -0.632903,
                    -0.0401485,
                    -0.012340631859142354
                ],
                [
                    0.0,
                    0.0,
                    0.0,
                    1.0
                ]
            ]
        },
        {
            "file_path": "images/15_color.png",
            "distmap_path": "distmaps/15_color.png",
            "near": 0.13292878219526463,
            "far": 1.4437990814591999,
            "transform_matrix": [
                [
                    0.596437,
                    -0.704244,
                    -0.385102,
                    0.004261271352360748
                ],
                [
                    0.215384,
                    -0.321763,
                    0.921997,
                    0.2745223695864137
                ],
                [
                    -0.773222,
                    -0.632858,
                    -0.0402285,
                    -0.012435187685533148
                ],
                [
                    0.0,
                    0.0,
                    0.0,
                    1.0
                ]
            ]
        },
        {
            "file_path": "images/20_color.png",
            "distmap_path": "distmaps/20_color.png",
            "near": 0.13267065882879758,
            "far": 1.4430810506548049,
            "transform_matrix": [
                [
                    0.596705,
                    -0.70479,
                    -0.383686,
                    0.004872507230101603
                ],
                [
                    0.214411,
                    -0.320724,
                    0.922586,
                    0.2741058736844539
                ],
                [
                    -0.773286,
                    -0.632778,
                    -0.0402629,
                    -0.012356391163540793
                ],
                [
                    0.0,
                    0.0,
                    0.0,
                    1.0
                ]
            ]
        },
        {
            "file_path": "images/30_color.png",
            "distmap_path": "distmaps/30_color.png",
            "near": 0.13272128136377656,
            "far": 1.4391284543679488,
            "transform_matrix": [
                [
                    0.597793,
                    -0.706332,
                    -0.37913,
                    0.005161803032273626
                ],
                [
                    0.211246,
                    -0.317424,
                    0.924455,
                    0.2735430413845082
                ],
                [
                    -0.773317,
                    -0.632722,
                    -0.040544,
                    -0.01255450813312165
                ],
                [
                    0.0,
                    0.0,
                    0.0,
                    1.0
                ]
            ]
        },
        {
            "file_path": "images/35_color.png",
            "distmap_path": "distmaps/35_color.png",
            "near": 0.13319214051075642,
            "far": 1.4368951716337146,
            "transform_matrix": [
                [
                    0.598426,
                    -0.707191,
                    -0.376521,
                    0.005014340969687953
                ],
                [
                    0.209428,
                    -0.315541,
                    0.925513,
                    0.27328413852653327
                ],
                [
                    -0.773322,
                    -0.632705,
                    -0.040722,
                    -0.01305542888007319
                ],
                [
                    0.0,
                    0.0,
                    0.0,
                    1.0
                ]
            ]
        },
        {
            "file_path": "images/40_color.png",
            "distmap_path": "distmaps/40_color.png",
            "near": 0.1332534901691182,
            "far": 1.4344151009890267,
            "transform_matrix": [
                [
                    0.59907,
                    -0.708185,
                    -0.373615,
                    0.005212457939268809
                ],
                [
                    0.207378,
                    -0.31346,
                    0.926681,
                    0.2727550761645845
                ],
                [
                    -0.773375,
                    -0.632627,
                    -0.0409229,
                    -0.013224278570056865
                ],
                [
                    0.0,
                    0.0,
                    0.0,
                    1.0
                ]
            ]
        },
        {
            "file_path": "images/45_color.png",
            "distmap_path": "distmaps/45_color.png",
            "near": 0.13311290086864666,
            "far": 1.431548766703802,
            "transform_matrix": [
                [
                    0.599862,
                    -0.70933,
                    -0.370158,
                    0.005365548324853964
                ],
                [
                    0.205017,
                    -0.310923,
                    0.92806,
                    0.2722597837406326
                ],
                [
                    -0.773391,
                    -0.632596,
                    -0.0410862,
                    -0.013148859041864136
                ],
                [
                    0.0,
                    0.0,
                    0.0,
                    1.0
                ]
            ]
        },
        {
            "file_path": "images/55_color.png",
            "distmap_path": "distmaps/55_color.png",
            "near": 0.13273833238684288,
            "far": 1.4252631411279169,
            "transform_matrix": [
                [
                    0.601468,
                    -0.711934,
                    -0.362472,
                    0.0056987450464217595
                ],
                [
                    0.199749,
                    -0.305289,
                    0.931074,
                    0.2709540128047587
                ],
                [
                    -0.773522,
                    -0.632415,
                    -0.0414135,
                    -0.012929354444885358
                ],
                [
                    0.0,
                    0.0,
                    0.0,
                    1.0
                ]
            ]
        },
        {
            "file_path": "images/60_color.png",
            "distmap_path": "distmaps/60_color.png",
            "near": 0.13234009281562034,
            "far": 1.4218617330748486,
            "transform_matrix": [
                [
                    0.602307,
                    -0.713273,
                    -0.358425,
                    0.00563120517042829
                ],
                [
                    0.196968,
                    -0.302329,
                    0.932631,
                    0.27018856087683263
                ],
                [
                    -0.773583,
                    -0.632328,
                    -0.0416027,
                    -0.012574770095919643
                ],
                [
                    0.0,
                    0.0,
                    0.0,
                    1.0
                ]
            ]
        },
        {
            "file_path": "images/65_color.png",
            "distmap_path": "distmaps/65_color.png",
            "near": 0.13250506932597927,
            "far": 1.4176630834698725,
            "transform_matrix": [
                [
                    0.603531,
                    -0.714565,
                    -0.353762,
                    0.004955806410493591
                ],
                [
                    0.193539,
                    -0.299122,
                    0.934382,
                    0.2697045250988797
                ],
                [
                    -0.773494,
                    -0.632395,
                    -0.0422334,
                    -0.01265806927631163
                ],
                [
                    0.0,
                    0.0,
                    0.0,
                    1.0
                ]
            ]
        },
        {
            "file_path": "images/70_color.png",
            "distmap_path": "distmaps/70_color.png",
            "near": 0.13225957966233104,
            "far": 1.4137755508655827,
            "transform_matrix": [
                [
                    0.604493,
                    -0.71631,
                    -0.348553,
                    0.005452224499045579
                ],
                [
                    0.190103,
                    -0.295189,
                    0.936336,
                    0.26856760385298967
                ],
                [
                    -0.773595,
                    -0.632269,
                    -0.0422668,
                    -0.012518486865925138
                ],
                [
                    0.0,
                    0.0,
                    0.0,
                    1.0
                ]
            ]
        },
        {
            "file_path": "images/80_color.png",
            "distmap_path": "distmaps/80_color.png",
            "near": 0.13124198859390007,
            "far": 1.4060040599934047,
            "transform_matrix": [
                [
                    0.606375,
                    -0.719677,
                    -0.338193,
                    0.005884479705403721
                ],
                [
                    0.183045,
                    -0.287552,
                    0.940111,
                    0.26674402720116597
                ],
                [
                    -0.773824,
                    -0.631964,
                    -0.0426312,
                    -0.011551540974618638
                ],
                [
                    0.0,
                    0.0,
                    0.0,
                    1.0
                ]
            ]
        },
        {
            "file_path": "images/85_color.png",
            "distmap_path": "distmaps/85_color.png",
            "near": 0.1313647288178666,
            "far": 1.4007936536813528,
            "transform_matrix": [
                [
                    0.607686,
                    -0.721691,
                    -0.331482,
                    0.005802306189611662
                ],
                [
                    0.178457,
                    -0.282629,
                    0.942483,
                    0.2660348585032344
                ],
                [
                    -0.773868,
                    -0.631889,
                    -0.0429591,
                    -0.01163934281341018
                ],
                [
                    0.0,
                    0.0,
                    0.0,
                    1.0
                ]
            ]
        },
        {
            "file_path": "images/90_color.png",
            "distmap_path": "distmaps/90_color.png",
            "near": 0.13157952420980795,
            "far": 1.395571956509574,
            "transform_matrix": [
                [
                    0.608975,
                    -0.72364,
                    -0.324799,
                    0.005545654660836604
                ],
                [
                    0.173817,
                    -0.277784,
                    0.944788,
                    0.26532568980530313
                ],
                [
                    -0.77391,
                    -0.631808,
                    -0.0433824,
                    -0.011808192503393855
                ],
                [
                    0.0,
                    0.0,
                    0.0,
                    1.0
                ]
            ]
        },
        {
            "file_path": "images/95_color.png",
            "distmap_path": "distmaps/95_color.png",
            "near": 0.1312933672075899,
            "far": 1.391176390980397,
            "transform_matrix": [
                [
                    0.610185,
                    -0.725416,
                    -0.318505,
                    0.005813562835610626
                ],
                [
                    0.169416,
                    -0.273249,
                    0.946907,
                    0.2646052644613729
                ],
                [
                    -0.773933,
                    -0.631749,
                    -0.0438353,
                    -0.011532404676420494
                ],
                [
                    0.0,
                    0.0,
                    0.0,
                    1.0
                ]
            ]
        },
        {
            "file_path": "images/105_color.png",
            "distmap_path": "distmaps/105_color.png",
            "near": 0.13174452107271245,
            "far": 1.3804210513556745,
            "transform_matrix": [
                [
                    0.612725,
                    -0.729596,
                    -0.303741,
                    0.005158426038474001
                ],
                [
                    0.159224,
                    -0.26249,
                    0.951707,
                    0.26265786470356123
                ],
                [
                    -0.774091,
                    -0.631498,
                    -0.0446653,
                    -0.01163934281341018
                ],
                [
                    0.0,
                    0.0,
                    0.0,
                    1.0
                ]
            ]
        },
        {
            "file_path": "images/110_color.png",
            "distmap_path": "distmaps/110_color.png",
            "near": 0.13152965676372277,
            "far": 1.3755057811166813,
            "transform_matrix": [
                [
                    0.613879,
                    -0.731658,
                    -0.296361,
                    0.0054432191822464705
                ],
                [
                    0.154249,
                    -0.257011,
                    0.954019,
                    0.2620274925276221
                ],
                [
                    -0.774184,
                    -0.631366,
                    -0.0449164,
                    -0.011368057644836373
                ],
                [
                    0.0,
                    0.0,
                    0.0,
                    1.0
                ]
            ]
        },
        {
            "file_path": "images/115_color.png",
            "distmap_path": "distmaps/115_color.png",
            "near": 0.13164863685106973,
            "far": 1.3694267509213143,
            "transform_matrix": [
                [
                    0.615223,
                    -0.734018,
                    -0.287607,
                    0.0050717498642823865
                ],
                [
                    0.148189,
                    -0.250642,
                    0.956671,
                    0.26101439438772
                ],
                [
                    -0.7743,
                    -0.631186,
                    -0.0454271,
                    -0.011253239855647506
                ],
                [
                    0.0,
                    0.0,
                    0.0,
                    1.0
                ]
            ]
        },
        {
            "file_path": "images/120_color.png",
            "distmap_path": "distmaps/120_color.png",
            "near": 0.13155661916685535,
            "far": 1.3643541403207171,
            "transform_matrix": [
                [
                    0.616469,
                    -0.736149,
                    -0.279375,
                    0.005312642088659085
                ],
                [
                    0.142487,
                    -0.244658,
                    0.959083,
                    0.2606316684237571
                ],
                [
                    -0.774379,
                    -0.631053,
                    -0.0459324,
                    -0.011109154786861457
                ],
                [
                    0.0,
                    0.0,
                    0.0,
                    1.0
                ]
            ]
        },
        {
            "file_path": "images/130_color.png",
            "distmap_path": "distmaps/130_color.png",
            "near": 0.1311920128495961,
            "far": 1.352726064825869,
            "transform_matrix": [
                [
                    0.619106,
                    -0.74071,
                    -0.260876,
                    0.0049344187830955896
                ],
                [
                    0.129821,
                    -0.231092,
                    0.964232,
                    0.25946097723987055
                ],
                [
                    -0.774503,
                    -0.630829,
                    -0.0469108,
                    -0.010349331181934922
                ],
                [
                    0.0,
                    0.0,
                    0.0,
                    1.0
                ]
            ]
        },
        {
            "file_path": "images/135_color.png",
            "distmap_path": "distmaps/135_color.png",
            "near": 0.1313468553738069,
            "far": 1.347022931216671,
            "transform_matrix": [
                [
                    0.620354,
                    -0.743069,
                    -0.251015,
                    0.004899523180499086
                ],
                [
                    0.123035,
                    -0.223883,
                    0.966819,
                    0.2592020743818953
                ],
                [
                    -0.774612,
                    -0.630654,
                    -0.0474629,
                    -0.010341451529735663
                ],
                [
                    0.0,
                    0.0,
                    0.0,
                    1.0
                ]
            ]
        },
        {
            "file_path": "images/140_color.png",
            "distmap_path": "distmaps/140_color.png",
            "near": 0.1315002597787692,
            "far": 1.341875822867623,
            "transform_matrix": [
                [
                    0.621421,
                    -0.745111,
                    -0.242167,
                    0.004394099775147831
                ],
                [
                    0.116942,
                    -0.217419,
                    0.969048,
                    0.25844787909996847
                ],
                [
                    -0.7747,
                    -0.630507,
                    -0.047974,
                    -0.010210874436148357
                ],
                [
                    0.0,
                    0.0,
                    0.0,
                    1.0
                ]
            ]
        },
        {
            "file_path": "images/145_color.png",
            "distmap_path": "distmaps/145_color.png",
            "near": 0.13076580171828867,
            "far": 1.336266098419882,
            "transform_matrix": [
                [
                    0.622615,
                    -0.747522,
                    -0.231432,
                    0.004773448745311254
                ],
                [
                    0.109637,
                    -0.209503,
                    0.971642,
                    0.2579300733840183
                ],
                [
                    -0.77481,
                    -0.630333,
                    -0.0484837,
                    -0.00939927025962679
                ],
                [
                    0.0,
                    0.0,
                    0.0,
                    1.0
                ]
            ]
        },
        {
            "file_path": "images/155_color.png",
            "distmap_path": "distmaps/155_color.png",
            "near": 0.1312569429782942,
            "far": 1.3238302232083565,
            "transform_matrix": [
                [
                    0.625141,
                    -0.752231,
                    -0.208199,
                    0.0037254550028125426
                ],
                [
                    0.0935993,
                    -0.192571,
                    0.976809,
                    0.25821148953399115
                ],
                [
                    -0.774879,
                    -0.630131,
                    -0.0499758,
                    -0.009372254309229467
                ],
                [
                    0.0,
                    0.0,
                    0.0,
                    1.0
                ]
            ]
        },
        {
            "file_path": "images/160_color.png",
            "distmap_path": "distmaps/160_color.png",
            "near": 0.13135419040363663,
            "far": 1.3189118007273215,
            "transform_matrix": [
                [
                    0.626006,
                    -0.754192,
                    -0.198269,
                    0.003124350106470725
                ],
                [
                    0.0868656,
                    -0.185227,
                    0.978849,
                    0.2577274537560379
                ],
                [
                    -0.774965,
                    -0.629988,
                    -0.0504398,
                    -0.009097592146856032
                ],
                [
                    0.0,
                    0.0,
                    0.0,
                    1.0
                ]
            ]
        },
        {
            "file_path": "images/165_color.png",
            "distmap_path": "distmaps/165_color.png",
            "near": 0.1311008629628074,
            "far": 1.3131418493254432,
            "transform_matrix": [
                [
                    0.626937,
                    -0.756513,
                    -0.186111,
                    0.002597539073721628
                ],
                [
                    0.0785596,
                    -0.176282,
                    0.9812,
                    0.25747980754406197
                ],
                [
                    -0.775099,
                    -0.629772,
                    -0.0510865,
                    -0.00851449788411243
                ],
                [
                    0.0,
                    0.0,
                    0.0,
                    1.0
                ]
            ]
        },
        {
            "file_path": "images/170_color.png",
            "distmap_path": "distmaps/170_color.png",
            "near": 0.13023344343859086,
            "far": 1.3081708023187635,
            "transform_matrix": [
                [
                    0.627782,
                    -0.758638,
                    -0.174237,
                    0.002714608192110352
                ],
                [
                    0.0704123,
                    -0.167578,
                    0.983341,
                    0.25784002021602725
                ],
                [
                    -0.775198,
                    -0.629592,
                    -0.0517849,
                    -0.007498022750410677
                ],
                [
                    0.0,
                    0.0,
                    0.0,
                    1.0
                ]
            ]
        },
        {
            "file_path": "images/180_color.png",
            "distmap_path": "distmaps/180_color.png",
            "near": 0.13103303288340118,
            "far": 1.2993451095230322,
            "transform_matrix": [
                [
                    0.629035,
                    -0.761988,
                    -0.153914,
                    0.0016519808098132097
                ],
                [
                    0.0564595,
                    -0.152687,
                    0.986661,
                    0.25887563164792693
                ],
                [
                    -0.775324,
                    -0.629334,
                    -0.0530242,
                    -0.007768182254384556
                ],
                [
                    0.0,
                    0.0,
                    0.0,
                    1.0
                ]
            ]
        },
        {
            "file_path": "images/185_color.png",
            "distmap_path": "distmaps/185_color.png",
            "near": 0.13102314190204564,
            "far": 1.294843974233531,
            "transform_matrix": [
                [
                    0.629632,
                    -0.763613,
                    -0.143033,
                    0.0005173108931228839
                ],
                [
                    0.0490002,
                    -0.144709,
                    0.98826,
                    0.2588080917719334
                ],
                [
                    -0.775347,
                    -0.629249,
                    -0.0536963,
                    -0.0072166066004379125
                ],
                [
                    0.0,
                    0.0,
                    0.0,
                    1.0
                ]
            ]
        },
        {
            "file_path": "images/190_color.png",
            "distmap_path": "distmaps/190_color.png",
            "near": 0.13071148951860406,
            "far": 1.2915816995853098,
            "transform_matrix": [
                [
                    0.629984,
                    -0.765021,
                    -0.133654,
                    0.0008369996394920173
                ],
                [
                    0.0426758,
                    -0.137738,
                    0.989549,
                    0.2593596674258802
                ],
                [
                    -0.775434,
                    -0.629104,
                    -0.0541248,
                    -0.006831629307275166
                ],
                [
                    0.0,
                    0.0,
                    0.0,
                    1.0
                ]
            ]
        },
        {
            "file_path": "images/195_color.png",
            "distmap_path": "distmaps/195_color.png",
            "near": 0.13077276917070435,
            "far": 1.287721596409307,
            "transform_matrix": [
                [
                    0.630334,
                    -0.766463,
                    -0.123341,
                    0.00022688942635093153
                ],
                [
                    0.0356205,
                    -0.130157,
                    0.990853,
                    0.2601363759998049
                ],
                [
                    -0.775506,
                    -0.628962,
                    -0.0547405,
                    -0.0065040609087068536
                ],
                [
                    0.0,
                    0.0,
                    0.0,
                    1.0
                ]
            ]
        },
        {
            "file_path": "images/205_color.png",
            "distmap_path": "distmaps/205_color.png",
            "near": 0.12861594693815756,
            "far": 1.2819936868867117,
            "transform_matrix": [
                [
                    0.630881,
                    -0.768587,
                    -0.106125,
                    -0.0005092952219778261
                ],
                [
                    0.023797,
                    -0.117548,
                    0.992782,
                    0.26184738619163955
                ],
                [
                    -0.775515,
                    -0.628853,
                    -0.0558688,
                    -0.006125837603143438
                ],
                [
                    0.0,
                    0.0,
                    0.0,
                    1.0
                ]
            ]
        },
        {
            "file_path": "images/210_color.png",
            "distmap_path": "distmaps/210_color.png",
            "near": 0.12637667656057988,
            "far": 1.2789673269942097,
            "transform_matrix": [
                [
                    0.630995,
                    -0.769676,
                    -0.0971821,
                    -0.0016180748528705964
                ],
                [
                    0.0176748,
                    -0.110974,
                    0.993666,
                    0.26229765203159594
                ],
                [
                    -0.775585,
                    -0.628716,
                    -0.05642,
                    -0.0059569879131597635
                ],
                [
                    0.0,
                    0.0,
                    0.0,
                    1.0
                ]
            ]
        },
        {
            "file_path": "images/215_color.png",
            "distmap_path": "distmaps/215_color.png",
            "near": 0.12603563282212,
            "far": 1.2766482908917323,
            "transform_matrix": [
                [
                    0.631009,
                    -0.770684,
                    -0.0887301,
                    -0.0011993276217111153
                ],
                [
                    0.0120188,
                    -0.104651,
                    0.994437,
                    0.26327698023350143
                ],
                [
                    -0.775682,
                    -0.628565,
                    -0.0567727,
                    -0.0053716423212163845
                ],
                [
                    0.0,
                    0.0,
                    0.0,
                    1.0
                ]
            ]
        },
        {
            "file_path": "images/220_color.png",
            "distmap_path": "distmaps/220_color.png",
            "near": 0.12514481706243397,
            "far": 1.2747996483254764,
            "transform_matrix": [
                [
                    0.63102,
                    -0.771438,
                    -0.0818392,
                    -0.0012983861065014631
                ],
                [
                    0.0072497,
                    -0.0996258,
                    0.994999,
                    0.26414374197541757
                ],
                [
                    -0.775733,
                    -0.628457,
                    -0.0572732,
                    -0.004849333946866922
                ],
                [
                    0.0,
                    0.0,
                    0.0,
                    1.0
                ]
            ]
        },
        {
            "file_path": "images/230_color.png",
            "distmap_path": "distmaps/230_color.png",
            "near": 0.12290545104302647,
            "far": 1.270646984476198,
            "transform_matrix": [
                [
                    0.631129,
                    -0.772818,
                    -0.0665498,
                    -0.001995172493834163
                ],
                [
                    -0.00323997,
                    -0.0884214,
                    0.996078,
                    0.2663613012372031
                ],
                [
                    -0.775671,
                    -0.628438,
                    -0.0583092,
                    -0.004499252256300759
                ],
                [
                    0.0,
                    0.0,
                    0.0,
                    1.0
                ]
            ]
        },
        {
            "file_path": "images/235_color.png",
            "distmap_path": "distmaps/235_color.png",
            "near": 0.12146167572813747,
            "far": 1.268900633008976,
            "transform_matrix": [
                [
                    0.631061,
                    -0.773403,
                    -0.0600857,
                    -0.002807902334955499
                ],
                [
                    -0.00769198,
                    -0.0836914,
                    0.996462,
                    0.2672956028551127
                ],
                [
                    -0.775695,
                    -0.628366,
                    -0.0587633,
                    -0.004572420455293711
                ],
                [
                    0.0,
                    0.0,
                    0.0,
                    1.0
                ]
            ]
        },
        {
            "file_path": "images/240_color.png",
            "distmap_path": "distmaps/240_color.png",
            "near": 0.12032508256558987,
            "far": 1.2673637465444336,
            "transform_matrix": [
                [
                    0.630947,
                    -0.773949,
                    -0.0539273,
                    -0.0034157612188967274
                ],
                [
                    -0.0118149,
                    -0.0790867,
                    0.996798,
                    0.2676220455890811
                ],
                [
                    -0.775736,
                    -0.62829,
                    -0.0590437,
                    -0.004185191832931108
                ],
                [
                    0.0,
                    0.0,
                    0.0,
                    1.0
                ]
            ]
        },
        {
            "file_path": "images/245_color.png",
            "distmap_path": "distmaps/245_color.png",
            "near": 0.12004861862848262,
            "far": 1.26600485019951,
            "transform_matrix": [
                [
                    0.630785,
                    -0.774492,
                    -0.0476651,
                    -0.0033054460881074147
                ],
                [
                    -0.0161134,
                    -0.0744882,
                    0.997092,
                    0.2687026836049766
                ],
                [
                    -0.77579,
                    -0.628182,
                    -0.0594658,
                    -0.0042786219947221335
                ],
                [
                    0.0,
                    0.0,
                    0.0,
                    1.0
                ]
            ]
        },
        {
            "file_path": "images/255_color.png",
            "distmap_path": "distmaps/255_color.png",
            "near": 0.11881987082023258,
            "far": 1.2637548798406524,
            "transform_matrix": [
                [
                    0.630423,
                    -0.775371,
                    -0.036966,
                    -0.003755711928063774
                ],
                [
                    -0.0233193,
                    -0.0665165,
                    0.997513,
                    0.2700759944168436
                ],
                [
                    -0.775901,
                    -0.627993,
                    -0.0600147,
                    -0.003541311681793447
                ],
                [
                    0.0,
                    0.0,
                    0.0,
                    1.0
                ]
            ]
        },
        {
            "file_path": "images/260_color.png",
            "distmap_path": "distmaps/260_color.png",
            "near": 0.11789831476376618,
            "far": 1.2626745730894091,
            "transform_matrix": [
                [
                    0.630389,
                    -0.775634,
                    -0.0316323,
                    -0.004300533594411087
                ],
                [
                    -0.0269937,
                    -0.0626264,
                    0.997672,
                    0.27076264982277726
                ],
                [
                    -0.77581,
                    -0.628068,
                    -0.0604162,
                    -0.0034276195572044287
                ],
                [
                    0.0,
                    0.0,
                    0.0,
                    1.0
                ]
            ]
        },
        {
            "file_path": "images/265_color.png",
            "distmap_path": "distmaps/265_color.png",
            "near": 0.11805190583993688,
            "far": 1.2617751571677456,
            "transform_matrix": [
                [
                    0.630242,
                    -0.775916,
                    -0.0273832,
                    -0.003932441270246788
                ],
                [
