{
    "camera_model": "FISHEYE_OPENCV",
    "fx": 767.3861511125845,
    "fy": 767.5058656118406,
    "cx": 679.054265997005,
    "cy": 543.646891684636,
    "k1": -0.18867185058223412,
    "k2": -0.003927337093919806,
    "k3": 0.030524814153620117,
    "k4": -0.012756926010904904,
    "p1": 0,
    "p2": 0,
    "w": 1350,
    "h": 1080,
    "camera_angle_x": 1.4428692492187012,
    "camera_angle_y": 1.2262461230200543,
    "scene_scale": 0.014369276166087378,
    "dist_ftype": "png",
    "distmap": "dense",
    "rgb_mask": "rgb_mask.png",
    "scene_T": [
        [
            1.0,
            0.0,
            0.0,
            -73.66259725482409
        ],
        [
            0.0,
            1.0,
            0.0,
            -26.5858241568543
        ],
        [
            0.0,
            0.0,
            1.0,
            95.58233009290342
        ],
        [
            0.0,
            0.0,
            0.0,
            1.0
        ]
    ],
    "distmap_scale": 3.141592653589793,
    "frames": [
        {
            "file_path": "images/0_color.png",
            "distmap_path": "distmaps/0_color.png",
            "near": 0.1616934098200434,
            "far": 1.5783709549481597,
            "transform_matrix": [
                [
                    0.522953,
                    0.826715,
                    -0.207515,
                    -0.035050935905746275
                ],
                [
                    0.730862,
                    -0.309642,
                    0.608246,
                    0.25885641530508696
                ],
                [
                    0.43859,
                    -0.469749,
                    -0.766143,
                    -0.46432404683485784
                ],
                [
                    0.0,
                    0.0,
                    0.0,
                    1.0
                ]
            ]
        },
        {
            "file_path": "images/5_color.png",
            "distmap_path": "distmaps/5_color.png",
            "near": 0.1524736132016277,
            "far": 1.549126065943452,
            "transform_matrix": [
                [
                    0.52347,
                    0.82484,
                    -0.213583,
                    -0.021078251761842803
                ],
                [
                    0.73024,
                    -0.305157,
                    0.611253,
                    0.2251820166098612
                ],
                [
                    0.439009,
                    -0.47594,
                    -0.762071,
                    -0.42669091255587505
                ],
                [
                    0.0,
                    0.0,
                    0.0,
                    1.0
                ]
            ]
        },
        {
            "file_path": "images/10_color.png",
            "distmap_path": "distmaps/10_color.png",
            "near": 0.13395998963097094,
            "far": 1.5303809092480531,
            "transform_matrix": [
                [
                    0.524086,
                    0.82321,
                    -0.218309,
                    -0.010008161403489157
                ],
                [
                    0.729618,
                    -0.301759,
                    0.613677,
                    0.19873536382617737
                ],
                [
                    0.439308,
                    -0.480901,
                    -0.758777,
                    -0.3965154326070916
                ],
                [
                    0.0,
                    0.0,
                    0.0,
                    1.0
                ]
            ]
        },
        {
            "file_path": "images/15_color.png",
            "distmap_path": "distmaps/15_color.png",
            "near": 0.12420126084165206,
            "far": 1.5163187378414151,
            "transform_matrix": [
                [
                    0.524616,
                    0.821979,
                    -0.221649,
                    -0.0013334293820221569
                ],
                [
                    0.729104,
                    -0.299382,
                    0.61545,
                    0.18032832105741936
                ],
                [
                    0.439529,
                    -0.48448,
                    -0.756369,
                    -0.37488967197712997
                ],
                [
                    0.0,
                    0.0,
                    0.0,
                    1.0
                ]
            ]
        },
        {
            "file_path": "images/20_color.png",
            "distmap_path": "distmaps/20_color.png",
            "near": 0.11797977248334462,
            "far": 1.5119134551848663,
            "transform_matrix": [
                [
                    0.524787,
                    0.821422,
                    -0.223305,
                    0.002629616984584797
                ],
                [
                    0.728935,
                    -0.298176,
                    0.616234,
                    0.17069228446044116
                ],
                [
                    0.439604,
                    -0.486167,
                    -0.755242,
                    -0.36452942386138093
                ],
                [
                    0.0,
                    0.0,
                    0.0,
                    1.0
                ]
            ]
        },
        {
            "file_path": "images/30_color.png",
            "distmap_path": "distmaps/30_color.png",
            "near": 0.11772082713795667,
            "far": 1.5091943157932013,
            "transform_matrix": [
                [
                    0.524095,
                    0.821787,
                    -0.223588,
                    0.002674161740699513
                ],
                [
                    0.729856,
                    -0.298089,
                    0.615186,
                    0.16895072818911147
                ],
                [
                    0.438902,
                    -0.485602,
                    -0.756013,
                    -0.3606497192965374
                ],
                [
                    0.0,
                    0.0,
                    0.0,
                    1.0
                ]
            ]
        },
        {
            "file_path": "images/35_color.png",
            "distmap_path": "distmaps/35_color.png",
            "near": 0.11755753051847832,
            "far": 1.5059158067451808,
            "transform_matrix": [
                [
                    0.522723,
                    0.822656,
                    -0.223605,
                    0.0030894338218995427
                ],
                [
                    0.73182,
                    -0.29848,
                    0.612658,
                    0.16809000854676284
                ],
                [
                    0.437265,
                    -0.483888,
                    -0.758058,
                    -0.3568131225601921
                ],
                [
                    0.0,
                    0.0,
                    0.0,
                    1.0
                ]
            ]
        },
        {
            "file_path": "images/40_color.png",
            "distmap_path": "distmaps/40_color.png",
            "near": 0.11790705921386613,
            "far": 1.5018992866786953,
            "transform_matrix": [
                [
                    0.520514,
                    0.824081,
                    -0.223506,
                    0.003339459227189391
                ],
                [
                    0.734723,
                    -0.298911,
                    0.608962,
                    0.16713876246456782
                ],
                [
                    0.435026,
                    -0.481189,
                    -0.761059,
                    -0.3526460324720267
                ],
                [
                    0.0,
                    0.0,
                    0.0,
                    1.0
                ]
            ]
        },
        {
            "file_path": "images/45_color.png",
            "distmap_path": "distmaps/45_color.png",
            "near": 0.11940886205617993,
            "far": 1.4968813576025133,
            "transform_matrix": [
                [
                    0.518076,
                    0.825736,
                    -0.223064,
                    0.0033595762138219683
                ],
                [
                    0.738163,
                    -0.299885,
                    0.604305,
                    0.16673785965953394
                ],
                [
                    0.432103,
                    -0.477734,
                    -0.764891,
                    -0.3475736779853979
                ],
                [
                    0.0,
                    0.0,
                    0.0,
                    1.0
                ]
            ]
        },
        {
            "file_path": "images/55_color.png",
            "distmap_path": "distmaps/55_color.png",
            "near": 0.12264886835554203,
            "far": 1.4803439632827942,
            "transform_matrix": [
                [
                    0.510105,
                    0.830897,
                    -0.222266,
                    0.004967498216807227
                ],
                [
                    0.748866,
                    -0.301933,
                    0.589946,
                    0.16401488182606047
                ],
                [
                    0.423075,
                    -0.467382,
                    -0.776249,
                    -0.32936780508296526
                ],
                [
                    0.0,
                    0.0,
                    0.0,
                    1.0
                ]
            ]
        },
        {
            "file_path": "images/60_color.png",
            "distmap_path": "distmaps/60_color.png",
            "near": 0.1226357800654655,
            "far": 1.4706640606417252,
            "transform_matrix": [
                [
                    0.505416,
                    0.83397,
                    -0.221471,
                    0.005493413724485923
                ],
                [
                    0.755021,
                    -0.303171,
                    0.581405,
                    0.1633912552404522
                ],
                [
                    0.41773,
                    -0.461066,
                    -0.782892,
                    -0.31956795873769367
                ],
                [
                    0.0,
                    0.0,
                    0.0,
                    1.0
                ]
            ]
        },
        {
            "file_path": "images/65_color.png",
            "distmap_path": "distmaps/65_color.png",
            "near": 0.12041313636550043,
            "far": 1.4594313353930184,
            "transform_matrix": [
                [
                    0.499939,
                    0.837437,
                    -0.220817,
                    0.006522253897977831
                ],
                [
                    0.761982,
                    -0.304136,
                    0.571739,
                    0.16145715066849683
                ],
                [
                    0.411638,
                    -0.454093,
                    -0.790161,
                    -0.30754087458667845
                ],
                [
                    0.0,
                    0.0,
                    0.0,
                    1.0
                ]
            ]
        },
        {
            "file_path": "images/70_color.png",
            "distmap_path": "distmaps/70_color.png",
            "near": 0.11760756286517236,
            "far": 1.4465444544597226,
            "transform_matrix": [
                [
                    0.493178,
                    0.841696,
                    -0.219824,
                    0.007141569700736133
                ],
                [
                    0.770435,
                    -0.305251,
                    0.559689,
                    0.15929601153311734
                ],
                [
                    0.403987,
                    -0.445387,
                    -0.799016,
                    -0.29367452308640407
                ],
                [
                    0.0,
                    0.0,
                    0.0,
                    1.0
                ]
            ]
        },
        {
            "file_path": "images/80_color.png",
            "distmap_path": "distmaps/80_color.png",
            "near": 0.1060687224476666,
            "far": 1.4164617607350534,
            "transform_matrix": [
                [
                    0.478222,
                    0.851136,
                    -0.216498,
                    0.007459130704006792
                ],
                [
                    0.788603,
                    -0.307665,
                    0.532399,
                    0.15625403576875663
                ],
                [
                    0.386535,
                    -0.425336,
                    -0.81834,
                    -0.26341282748062417
                ],
                [
                    0.0,
                    0.0,
                    0.0,
                    1.0
                ]
            ]
        },
        {
            "file_path": "images/85_color.png",
            "distmap_path": "distmaps/85_color.png",
            "near": 0.09796127797066854,
            "far": 1.4010815234090404,
            "transform_matrix": [
                [
                    0.470131,
                    0.856189,
                    -0.214283,
                    0.007347050349911265
                ],
                [
                    0.798064,
                    -0.308698,
                    0.517494,
                    0.1551648446353672
                ],
                [
                    0.376924,
                    -0.414301,
                    -0.828422,
                    -0.2480233327067446
                ],
                [
                    0.0,
                    0.0,
                    0.0,
                    1.0
                ]
            ]
        },
        {
            "file_path": "images/90_color.png",
            "distmap_path": "distmaps/90_color.png",
            "near": 0.09106770256558103,
            "far": 1.3867214113910589,
            "transform_matrix": [
                [
                    0.462166,
                    0.861054,
                    -0.212108,
                    0.006612780337824124
                ],
                [
                    0.807007,
                    -0.309222,
                    0.503112,
                    0.154045478022029
                ],
                [
                    0.367618,
                    -0.403694,
                    -0.837788,
                    -0.2330936547701798
                ],
                [
                    0.0,
                    0.0,
                    0.0,
                    1.0
                ]
            ]
        },
        {
            "file_path": "images/95_color.png",
            "distmap_path": "distmaps/95_color.png",
            "near": 0.08373981800314798,
            "far": 1.3722719612629135,
            "transform_matrix": [
                [
                    0.454435,
                    0.865723,
                    -0.209793,
                    0.006526564680827597
                ],
                [
                    0.815597,
                    -0.309677,
                    0.488776,
                    0.15234559265158087
                ],
                [
                    0.358177,
                    -0.393224,
                    -0.846809,
                    -0.2170288040164942
                ],
                [
                    0.0,
                    0.0,
                    0.0,
                    1.0
                ]
            ]
        },
        {
            "file_path": "images/105_color.png",
            "distmap_path": "distmaps/105_color.png",
            "near": 0.07765503016803026,
            "far": 1.3500051161965752,
            "transform_matrix": [
                [
                    0.442137,
                    0.873164,
                    -0.205182,
                    0.004989052131056257
                ],
                [
                    0.82866,
                    -0.310097,
                    0.466007,
                    0.15270051377288318
                ],
                [
                    0.343274,
                    -0.376065,
                    -0.860662,
                    -0.1968974481078056
                ],
                [
                    0.0,
                    0.0,
                    0.0,
                    1.0
                ]
            ]
        },
        {
            "file_path": "images/110_color.png",
            "distmap_path": "distmaps/110_color.png",
            "near": 0.07604178365468757,
            "far": 1.340062868513085,
            "transform_matrix": [
                [
                    0.436599,
                    0.876444,
                    -0.203045,
                    0.003875433228184477
                ],
                [
                    0.834405,
                    -0.3101,
                    0.455638,
                    0.1521257427262397
                ],
                [
                    0.336377,
                    -0.368353,
                    -0.866699,
                    -0.18704012465786976
                ],
                [
                    0.0,
                    0.0,
                    0.0,
                    1.0
                ]
            ]
        },
        {
            "file_path": "images/115_color.png",
            "distmap_path": "distmaps/115_color.png",
            "near": 0.0763530868394404,
            "far": 1.3325027537460754,
            "transform_matrix": [
                [
                    0.431911,
                    0.879228,
                    -0.201026,
                    0.0028394084166096945
                ],
                [
                    0.839199,
                    -0.310104,
                    0.446745,
                    0.1512420322420253
                ],
                [
                    0.330451,
                    -0.361655,
                    -0.871784,
                    -0.1788927450716981
                ],
                [
                    0.0,
                    0.0,
                    0.0,
                    1.0
                ]
            ]
        },
        {
            "file_path": "images/120_color.png",
            "distmap_path": "distmaps/120_color.png",
            "near": 0.0772781253452736,
            "far": 1.325852069732784,
            "transform_matrix": [
                [
                    0.428209,
                    0.881372,
                    -0.199551,
                    0.0024801765124574282
                ],
                [
                    0.842847,
                    -0.309875,
                    0.439985,
                    0.1511356995983963
                ],
                [
                    0.325954,
                    -0.356596,
                    -0.875553,
                    -0.17252715573012145
                ],
                [
                    0.0,
                    0.0,
                    0.0,
                    1.0
                ]
            ]
        },
        {
            "file_path": "images/130_color.png",
            "distmap_path": "distmaps/130_color.png",
            "near": 0.08128347575629169,
            "far": 1.3161989033346435,
            "transform_matrix": [
                [
                    0.422651,
                    0.884629,
                    -0.19697,
                    0.0007228140373450046
                ],
                [
                    0.848316,
                    -0.309672,
                    0.429492,
                    0.15154091318627994
                ],
                [
                    0.318945,
                    -0.348619,
                    -0.881328,
                    -0.16366131233564546
                ],
                [
                    0.0,
                    0.0,
                    0.0,
                    1.0
                ]
            ]
        },
        {
            "file_path": "images/135_color.png",
            "distmap_path": "distmaps/135_color.png",
            "near": 0.08309140871649183,
            "far": 1.3132115112900293,
            "transform_matrix": [
                [
                    0.421206,
                    0.885463,
                    -0.19632,
                    0.0005949274794666656
                ],
                [
                    0.849781,
                    -0.309648,
                    0.426604,
                    0.1511155826117638
                ],
                [
                    0.316952,
                    -0.346517,
                    -0.882875,
                    -0.16041385592210974
                ],
                [
                    0.0,
                    0.0,
                    0.0,
                    1.0
                ]
            ]
        },
        {
            "file_path": "images/140_color.png",
            "distmap_path": "distmaps/140_color.png",
            "near": 0.08423422912142739,
            "far": 1.3125782632386693,
            "transform_matrix": [
                [
                    0.420107,
                    0.886106,
                    -0.195771,
                    -3.444681660782215e-05
                ],
                [
                    0.8508,
                    -0.309551,
                    0.424639,
                    0.15092734509398806
                ],
                [
                    0.315674,
                    -0.344955,
                    -0.883943,
                    -0.15958043790447676
                ],
                [
                    0.0,
                    0.0,
                    0.0,
                    1.0
                ]
            ]
        },
        {
            "file_path": "images/145_color.png",
            "distmap_path": "distmaps/145_color.png",
            "near": 0.08439160033923769,
            "far": 1.311789873250084,
            "transform_matrix": [
                [
                    0.419938,
                    0.886184,
                    -0.195779,
                    0.00037076677127581645
                ],
                [
                    0.850955,
                    -0.30949,
                    0.424372,
                    0.15066869812299846
                ],
                [
                    0.31548,
                    -0.344809,
                    -0.88407,
                    -0.15870391205834533
                ],
                [
                    0.0,
                    0.0,
                    0.0,
                    1.0
                ]
            ]
        }
    ]
}