{
    "camera_model": "FISHEYE_OPENCV",
    "fx": 767.3861511125845,
    "fy": 767.5058656118406,
    "cx": 679.054265997005,
    "cy": 543.646891684636,
    "k1": -0.18867185058223412,
    "k2": -0.003927337093919806,
    "k3": 0.030524814153620117,
    "k4": -0.012756926010904904,
    "p1": 0,
    "p2": 0,
    "w": 1350,
    "h": 1080,
    "camera_angle_x": 1.4428692492187012,
    "camera_angle_y": 1.2262461230200543,
    "scene_scale": 0.010921386423867968,
    "dist_ftype": "png",
    "distmap": "dense",
    "rgb_mask": "rgb_mask.png",
    "scene_T": [
        [
            1.0,
            0.0,
            0.0,
            -74.31020275860273
        ],
        [
            0.0,
            1.0,
            0.0,
            -170.6815363212404
        ],
        [
            0.0,
            0.0,
            1.0,
            41.23850599377537
        ],
        [
            0.0,
            0.0,
            0.0,
            1.0
        ]
    ],
    "distmap_scale": 3.141592653589793,
    "frames": [
        {
            "file_path": "images/0_color.png",
            "distmap_path": "distmaps/0_color.png",
            "near": 0.11261025205809062,
            "far": 1.2563903722177345,
            "transform_matrix": [
                [
                    0.737329,
                    -0.675429,
                    0.0118932,
                    0.007648216784868287
                ],
                [
                    0.0447239,
                    0.0663743,
                    0.996792,
                    0.16995275815671954
                ],
                [
                    -0.674052,
                    -0.734431,
                    0.0791475,
                    0.011695778181657153
                ],
                [
                    0.0,
                    0.0,
                    0.0,
                    1.0
                ]
            ]
        },
        {
            "file_path": "images/5_color.png",
            "distmap_path": "distmaps/5_color.png",
            "near": 0.10947477968952844,
            "far": 1.2572887225328837,
            "transform_matrix": [
                [
                    0.733755,
                    -0.67935,
                    0.00929624,
                    0.006807270030230473
                ],
                [
                    0.0521123,
                    0.0699172,
                    0.996191,
                    0.14195032336592214
                ],
                [
                    -0.677413,
                    -0.730475,
                    0.0867046,
                    0.006835761223035905
                ],
                [
                    0.0,
                    0.0,
                    0.0,
                    1.0
                ]
            ]
        },
        {
            "file_path": "images/10_color.png",
            "distmap_path": "distmaps/10_color.png",
            "near": 0.10956434045562152,
            "far": 1.2581267648876457,
            "transform_matrix": [
                [
                    0.730644,
                    -0.682724,
                    0.00686309,
                    0.00506312461833875
                ],
                [
                    0.0587512,
                    0.0728834,
                    0.995608,
                    0.11690758429599281
                ],
                [
                    -0.680226,
                    -0.727032,
                    0.0933627,
                    0.0021417493380574497
                ],
                [
                    0.0,
                    0.0,
                    0.0,
                    1.0
                ]
            ]
        },
        {
            "file_path": "images/15_color.png",
            "distmap_path": "distmaps/15_color.png",
            "near": 0.11054755282982204,
            "far": 1.2586381307827155,
            "transform_matrix": [
                [
                    0.728293,
                    -0.685246,
                    0.00514051,
                    0.004290982598171415
                ],
                [
                    0.0637316,
                    0.0752001,
                    0.99513,
                    0.09814464241978775
                ],
                [
                    -0.682296,
                    -0.724419,
                    0.0984396,
                    -0.0010429269431424773
                ],
                [
                    0.0,
                    0.0,
                    0.0,
                    1.0
                ]
            ]
        },
        {
            "file_path": "images/20_color.png",
            "distmap_path": "distmaps/20_color.png",
            "near": 0.10998230002663557,
            "far": 1.2579619117996756,
            "transform_matrix": [
                [
                    0.727534,
                    -0.686054,
                    0.00476968,
                    0.004232007111482433
                ],
                [
                    0.0655417,
                    0.0764214,
                    0.994919,
                    0.09191945215818309
                ],
                [
                    -0.682933,
                    -0.723525,
                    0.100564,
                    -0.003091779036260067
                ],
                [
                    0.0,
                    0.0,
                    0.0,
                    1.0
                ]
            ]
        },
        {
            "file_path": "images/30_color.png",
            "distmap_path": "distmaps/30_color.png",
            "near": 0.1095738127089005,
            "far": 1.2565511715658413,
            "transform_matrix": [
                [
                    0.729874,
                    -0.683548,
                    0.00669642,
                    0.004940805090391558
                ],
                [
                    0.0623893,
                    0.0763663,
                    0.995126,
                    0.10774454108636759
                ],
                [
                    -0.680728,
                    -0.725899,
                    0.098384,
                    -0.004429648873183918
                ],
                [
                    0.0,
                    0.0,
                    0.0,
                    1.0
                ]
            ]
        },
        {
            "file_path": "images/35_color.png",
            "distmap_path": "distmaps/35_color.png",
            "near": 0.10695466765305728,
            "far": 1.2548650371173666,
            "transform_matrix": [
                [
                    0.732892,
                    -0.680274,
                    0.00981106,
                    0.007944186356955157
                ],
                [
                    0.0569665,
                    0.0757299,
                    0.9955,
                    0.13225213222152732
                ],
                [
                    -0.677956,
                    -0.729035,
                    0.0942547,
                    -0.0019210064116214332
                ],
                [
                    0.0,
                    0.0,
                    0.0,
                    1.0
                ]
            ]
        },
        {
            "file_path": "images/40_color.png",
            "distmap_path": "distmaps/40_color.png",
            "near": 0.10654036921997316,
            "far": 1.252879148511579,
            "transform_matrix": [
                [
                    0.736089,
                    -0.676755,
                    0.0132227,
                    0.011809265012361986
                ],
                [
                    0.0509534,
                    0.0748786,
                    0.99589,
                    0.16012351037523828
                ],
                [
                    -0.674964,
                    -0.73239,
                    0.0896003,
                    0.0005090020676892301
                ],
                [
                    0.0,
                    0.0,
                    0.0,
                    1.0
                ]
            ]
        },
        {
            "file_path": "images/45_color.png",
            "distmap_path": "distmaps/45_color.png",
            "near": 0.10553536494146373,
            "far": 1.2505612720565946,
            "transform_matrix": [
                [
                    0.74034,
                    -0.672009,
                    0.0173241,
                    0.01583379590955746
                ],
                [
                    0.0433403,
                    0.0734328,
                    0.996358,
                    0.19554156654784235
                ],
                [
                    -0.670834,
                    -0.736893,
                    0.0834903,
                    0.003347470399252457
                ],
                [
                    0.0,
                    0.0,
                    0.0,
                    1.0
                ]
            ]
        },
        {
            "file_path": "images/55_color.png",
            "distmap_path": "distmaps/55_color.png",
            "near": 0.09770111481500494,
            "far": 1.245685548897026,
            "transform_matrix": [
                [
                    0.750383,
                    -0.660407,
                    0.0280607,
                    0.02910874110776888
                ],
                [
                    0.0243724,
                    0.0700658,
                    0.997244,
                    0.28325122091792576
                ],
                [
                    -0.660553,
                    -0.747632,
                    0.0686719,
                    0.007584968331713286
                ],
                [
                    0.0,
                    0.0,
                    0.0,
                    1.0
                ]
            ]
        },
        {
            "file_path": "images/60_color.png",
            "distmap_path": "distmaps/60_color.png",
            "near": 0.10128681786334193,
            "far": 1.2495465027293218,
            "transform_matrix": [
                [
                    0.756566,
                    -0.652978,
                    0.0350389,
                    0.03665432698801925
                ],
                [
                    0.0122931,
                    0.067776,
                    0.997625,
                    0.33852435760912164
                ],
                [
                    -0.653802,
                    -0.754338,
                    0.059304,
                    0.010491149259104491
                ],
                [
                    0.0,
                    0.0,
                    0.0,
                    1.0
                ]
            ]
        },
        {
            "file_path": "images/65_color.png",
            "distmap_path": "distmaps/65_color.png",
            "near": 0.1125242639069063,
            "far": 1.2491342053329284,
            "transform_matrix": [
                [
                    0.7614,
                    -0.646995,
                    0.0408431,
                    0.04393561531681209
                ],
                [
                    0.00231799,
                    0.0657184,
                    0.997835,
                    0.3847545863413548
                ],
                [
                    -0.648279,
                    -0.759657,
                    0.0515377,
                    0.013783947265900732
                ],
                [
                    0.0,
                    0.0,
                    0.0,
                    1.0
                ]
            ]
        },
        {
            "file_path": "images/70_color.png",
            "distmap_path": "distmaps/70_color.png",
            "near": 0.11169564222456302,
            "far": 1.2467552191475566,
            "transform_matrix": [
                [
                    0.765663,
                    -0.641599,
                    0.0459418,
                    0.05037049619775515
                ],
                [
                    -0.00643042,
                    0.0637842,
                    0.997943,
                    0.4250654236318515
                ],
                [
                    -0.64321,
                    -0.764383,
                    0.0447114,
                    0.015224478135208936
                ],
                [
                    0.0,
                    0.0,
                    0.0,
                    1.0
                ]
            ]
        },
        {
            "file_path": "images/80_color.png",
            "distmap_path": "distmaps/80_color.png",
            "near": 0.11260655573943897,
            "far": 1.2437716203554188,
            "transform_matrix": [
                [
                    0.772457,
                    -0.63272,
                    0.0545452,
                    0.06365308636646323
                ],
                [
                    -0.0210791,
                    0.0602969,
                    0.997958,
                    0.4940339788985777
                ],
                [
                    -0.634717,
                    -0.772029,
                    0.0332397,
                    0.01836874528664045
                ],
                [
                    0.0,
                    0.0,
                    0.0,
                    1.0
                ]
            ]
        },
        {
            "file_path": "images/85_color.png",
            "distmap_path": "distmaps/85_color.png",
            "near": 0.112102333490919,
            "far": 1.2426523555639732,
            "transform_matrix": [
                [
                    0.77448,
                    -0.63003,
                    0.0569525,
                    0.06651230533223196
                ],
                [
                    -0.0253403,
                    0.0590593,
                    0.997933,
                    0.5137252386208117
                ],
                [
                    -0.632091,
                    -0.774322,
                    0.0297751,
                    0.018864576230284064
                ],
                [
                    0.0,
                    0.0,
                    0.0,
                    1.0
                ]
            ]
        },
        {
            "file_path": "images/90_color.png",
            "distmap_path": "distmaps/90_color.png",
            "near": 0.11292623994771954,
            "far": 1.2411658594040964,
            "transform_matrix": [
                [
                    0.776185,
                    -0.627671,
                    0.0597107,
                    0.06965001965180924
                ],
                [
                    -0.0294926,
                    0.0584555,
                    0.997854,
                    0.5320294822672141
                ],
                [
                    -0.629815,
                    -0.77628,
                    0.0268606,
                    0.01868764977021743
                ],
                [
                    0.0,
                    0.0,
                    0.0,
                    1.0
                ]
            ]
        },
        {
            "file_path": "images/95_color.png",
            "distmap_path": "distmaps/95_color.png",
            "near": 0.11334622361980304,
            "far": 1.2410915472816606,
            "transform_matrix": [
                [
                    0.777111,
                    -0.626404,
                    0.0609609,
                    0.07133082102244244
                ],
                [
                    -0.0316646,
                    0.0578242,
                    0.997824,
                    0.5419351797536626
                ],
                [
                    -0.628566,
                    -0.777351,
                    0.025101,
                    0.020194801096711186
                ],
                [
                    0.0,
                    0.0,
                    0.0,
                    1.0
                ]
            ]
        }
    ]
}